0.999999583 -0.000930007 -0.000013855 -0.002712591 0.000930007 0.999999583 0.000025043 -0.000250451 0.000013832 -0.000025056 1.000000000 0.000170267
0.999999881 -0.000438625 0.000116203 -0.001394721 0.000438597 0.999999881 0.000239550 -0.007570889 -0.000116308 -0.000239499 0.999999940 -0.002634651
1.000000000 -0.000131463 0.000025127 0.000662564 0.000131459 1.000000000 0.000160705 -0.006442894 -0.000025148 -0.000160701 1.000000000 -0.006434202
1.000000000 0.000050595 -0.000137668 0.003057997 -0.000050596 1.000000000 -0.000009610 0.003569034 0.000137668 0.000009617 1.000000000 -0.007846659
0.999999881 -0.000408058 -0.000186774 0.003946058 0.000408073 0.999999940 0.000078338 -0.000050579 0.000186742 -0.000078414 1.000000000 -0.003581325
0.999999881 -0.000518933 -0.000106555 0.000879619 0.000518948 0.999999881 0.000142551 0.000680357 0.000106481 -0.000142607 1.000000000 -0.003986552
0.999999702 -0.000774151 -0.000030834 -0.001330526 0.000774146 0.999999702 -0.000180881 0.006062604 0.000030974 0.000180857 1.000000000 -0.008212819
0.999999404 -0.001108072 0.000000061 -0.002916256 0.001108072 0.999999404 -0.000085296 0.001857671 0.000000033 0.000085296 1.000000000 -0.003172802
0.999999762 -0.000693486 0.000070462 -0.003997318 0.000693474 0.999999762 0.000179331 -0.001878429 -0.000070586 -0.000179282 1.000000000 0.000169036
0.999999821 -0.000576603 0.000157145 -0.004936085 0.000576580 0.999999821 0.000146832 -0.007805263 -0.000157229 -0.000146741 1.000000000 -0.001301879
0.999999881 -0.000490925 0.000113477 -0.002933479 0.000490909 0.999999881 0.000143428 -0.004825875 -0.000113548 -0.000143372 1.000000000 -0.000641849
0.999999940 -0.000268924 0.000108088 -0.001580191 0.000268893 0.999999940 0.000293366 -0.010880076 -0.000108166 -0.000293336 0.999999940 0.000099838
0.999999940 -0.000304532 -0.000044077 0.003980752 0.000304542 0.999999940 0.000240336 -0.008236169 0.000044004 -0.000240349 0.999999940 -0.007582385
0.999999762 -0.000664034 0.000025950 -0.002691478 0.000664034 0.999999762 0.000023047 0.002772904 -0.000025966 -0.000023030 1.000000000 -0.002846180
0.999999344 -0.001161221 -0.000040401 -0.001926075 0.001161212 0.999999285 -0.000211101 0.010531900 0.000040647 0.000211054 1.000000000 0.004298066
0.999999523 -0.000945666 0.000144274 -0.005747874 0.000945658 0.999999523 0.000058541 0.000532067 -0.000144330 -0.000058404 1.000000000 0.001485535
0.999999642 -0.000864422 0.000153449 -0.006149040 0.000864414 0.999999642 0.000053518 -0.002209425 -0.000153496 -0.000053385 1.000000000 -0.000546578
0.999999881 -0.000510164 0.000099237 -0.002546498 0.000510153 0.999999881 0.000111474 -0.003758466 -0.000099294 -0.000111423 1.000000000 0.000591362
1.000000000 -0.000193306 0.000103020 -0.002042728 0.000193282 0.999999940 0.000236566 -0.004301915 -0.000103065 -0.000236546 0.999999940 0.001563041
0.999999940 0.000259756 -0.000075269 0.001406686 -0.000259748 0.999999940 0.000108773 0.001446863 0.000075297 -0.000108753 1.000000000 -0.001093204
0.999999940 0.000193819 -0.000211582 0.005085226 -0.000193804 1.000000000 0.000069611 0.002500911 0.000211596 -0.000069570 1.000000000 -0.004701484
0.999999940 -0.000225507 -0.000113030 0.000893070 0.000225506 1.000000000 -0.000005413 0.002426602 0.000113031 0.000005387 1.000000000 -0.005489132
0.999999404 -0.001110551 -0.000120011 0.000094005 0.001110550 0.999999404 -0.000013230 0.004307951 0.000120026 0.000013097 1.000000000 -0.004240837
0.999999583 -0.000907409 -0.000011649 -0.002824032 0.000907406 0.999999583 -0.000198036 0.008554919 0.000011829 0.000198025 1.000000000 0.001805770
0.999999881 -0.000455288 0.000126761 -0.007496936 0.000455280 0.999999881 0.000063552 -0.000663209 -0.000126790 -0.000063495 1.000000000 -0.000046931
0.999999940 -0.000277379 0.000257635 -0.008032171 0.000277340 0.999999940 0.000150828 -0.006384645 -0.000257677 -0.000150757 0.999999940 0.003695807
1.000000000 -0.000111941 0.000075242 -0.002900782 0.000111924 0.999999940 0.000220827 -0.004628506 -0.000075267 -0.000220819 1.000000000 0.004658144
1.000000000 0.000210714 -0.000071342 0.001936596 -0.000210701 0.999999940 0.000176437 -0.002655934 0.000071379 -0.000176422 1.000000000 -0.003601318
1.000000000 0.000057130 -0.000132772 0.003381168 -0.000057130 1.000000000 0.000000871 0.004833929 0.000132772 -0.000000863 1.000000000 -0.005427779
0.999999940 -0.000184231 -0.000199356 0.000893721 0.000184238 1.000000000 0.000033447 0.004103233 0.000199349 -0.000033484 1.000000000 -0.004302176
0.999999404 -0.001107944 -0.000146730 0.000537550 0.001107916 0.999999344 -0.000188923 0.008155930 0.000146940 0.000188760 1.000000000 -0.004700244
0.999999821 -0.000548296 0.000069018 -0.003449913 0.000548285 0.999999821 0.000151473 -0.001233988 -0.000069101 -0.000151435 1.000000000 -0.001634819
0.999999821 -0.000598366 0.000204395 -0.006197924 0.000598322 0.999999821 0.000215342 -0.008114908 -0.000204524 -0.000215219 0.999999940 -0.000625326
1.000000000 -0.000102076 0.000053857 0.000115851 0.000102079 1.000000000 -0.000051125 0.004396955 -0.000053851 0.000051130 1.000000000 -0.001184716
1.000000000 0.000120156 0.000024687 -0.002048563 -0.000120159 1.000000000 0.000136724 -0.000116426 -0.000024671 -0.000136727 1.000000000 -0.004332441
1.000000000 -0.000162612 -0.000065871 0.002269163 0.000162618 1.000000000 0.000101821 0.000471104 0.000065854 -0.000101832 1.000000000 -0.008658548
1.000000000 0.000004474 -0.000188445 0.003815880 -0.000004474 1.000000000 0.000001822 0.004672185 0.000188445 -0.000001821 1.000000000 -0.006605159
0.999999642 -0.000823132 -0.000128072 0.001250815 0.000823130 0.999999642 -0.000015804 0.001601003 0.000128085 0.000015699 1.000000000 -0.007354427
0.999999583 -0.000914013 -0.000055504 -0.004375583 0.000913992 0.999999523 -0.000379027 0.016040549 0.000055851 0.000378976 0.999999940 0.002008804
0.999999464 -0.001045196 0.000075917 -0.003566030 0.001045188 0.999999464 0.000105328 -0.002895679 -0.000076027 -0.000105248 1.000000000 -0.004468907
1.000000000 0.000016859 0.000083913 -0.004488129 -0.000016881 0.999999940 0.000256929 -0.005683448 -0.000083909 -0.000256931 0.999999940 -0.003612848
0.999999940 -0.000224278 0.000127703 -0.003278798 0.000224267 1.000000000 0.000092564 0.000200727 -0.000127723 -0.000092536 1.000000000 0.002771155
1.000000000 0.000053051 -0.000006125 -0.000612409 -0.000053050 1.000000000 0.000167706 -0.003125696 0.000006134 -0.000167706 1.000000000 -0.002123991
1.000000000 -0.000082117 -0.000088921 0.002572908 0.000082118 1.000000000 0.000014427 0.003373747 0.000088920 -0.000014434 1.000000000 -0.008627419
0.999999821 -0.000574083 -0.000132904 0.001435036 0.000574065 0.999999821 -0.000137518 0.009999008 0.000132982 0.000137442 1.000000000 -0.006784719
0.999999046 -0.001387837 0.000001496 -0.001029428 0.001387838 0.999999046 -0.000081907 0.001185265 -0.000001383 0.000081909 1.000000000 0.001224141
0.999999583 -0.000928659 0.000039877 -0.002937939 0.000928655 0.999999583 0.000103214 -0.000041423 -0.000039973 -0.000103177 1.000000000 0.000307753
0.999999762 -0.000685333 0.000182004 -0.005254721 0.000685313 0.999999762 0.000104965 -0.002736720 -0.000182076 -0.000104840 1.000000000 0.003226008
1.000000000 -0.000101547 0.000110884 -0.001661697 0.000101531 1.000000000 0.000142595 -0.002117005 -0.000110899 -0.000142584 1.000000000 0.002694816
1.000000000 0.000094942 -0.000070569 0.002619589 -0.000094924 0.999999940 0.000253542 -0.002515789 0.000070593 -0.000253535 0.999999940 -0.008668276
1.000000000 -0.000034556 -0.000228456 0.004910326 0.000034560 1.000000000 0.000016729 0.003230924 0.000228455 -0.000016737 1.000000000 -0.007873180
0.999999881 -0.000478096 -0.000086209 -0.000428640 0.000478095 0.999999881 -0.000008397 0.006373581 0.000086213 0.000008355 1.000000000 -0.000884990
0.999999464 -0.001052170 -0.000105508 0.000579526 0.001052156 0.999999464 -0.000135998 0.007197378 0.000105651 0.000135887 1.000000000 -0.004188942
0.999999881 -0.000495185 -0.000066470 -0.001891716 0.000495176 0.999999881 -0.000133632 0.004697782 0.000066536 0.000133599 1.000000000 -0.000135880
0.999999523 -0.000943393 0.000134527 -0.006934371 0.000943408 0.999999523 -0.000114236 0.003202649 -0.000134419 0.000114363 1.000000000 -0.001044786
0.999999642 -0.000822551 0.000136207 -0.005836335 0.000822540 0.999999642 0.000080119 -0.004700550 -0.000136273 -0.000080007 1.000000000 -0.001655634
0.999999881 -0.000487536 0.000202290 -0.005909241 0.000487540 0.999999881 -0.000023498 -0.000090096 -0.000202279 0.000023597 1.000000000 -0.002170655
1.000000000 0.000001470 0.000072439 -0.001254572 -0.000001488 0.999999940 0.000251953 -0.003907971 -0.000072439 -0.000251953 0.999999940 -0.000730064
1.000000000 0.000074617 -0.000070497 0.000786381 -0.000074596 0.999999940 0.000292233 -0.006076662 0.000070519 -0.000292228 0.999999940 -0.003493030
0.999999940 0.000213630 -0.000210968 0.004566317 -0.000213612 1.000000000 0.000083966 0.002480621 0.000210986 -0.000083920 1.000000000 -0.006816645
0.999999940 0.000126987 -0.000250306 0.004078695 -0.000126981 1.000000000 0.000024658 0.006992568 0.000250309 -0.000024627 0.999999940 -0.006298485
0.999999046 -0.001367001 0.000027510 -0.003191551 0.001367006 0.999999046 -0.000170631 0.007422209 -0.000027276 0.000170668 1.000000000 -0.000134920
0.999999285 -0.001189598 0.000125039 -0.005397636 0.001189602 0.999999285 -0.000034410 0.001522651 -0.000124998 0.000034559 1.000000000 0.000442251
0.999999821 -0.000537957 0.000210685 -0.006506718 0.000537914 0.999999821 0.000203753 -0.003656501 -0.000210795 -0.000203640 0.999999940 0.003721729
0.999999940 -0.000350216 0.000101143 -0.001535059 0.000350202 0.999999940 0.000135138 -0.004281412 -0.000101190 -0.000135102 1.000000000 0.000273760
0.999999940 -0.000264770 0.000016742 0.001576575 0.000264767 0.999999940 0.000145976 -0.003441853 -0.000016781 -0.000145972 1.000000000 -0.003984871
0.999999881 0.000314250 -0.000293255 0.006866139 -0.000314215 0.999999940 0.000118884 0.005235675 0.000293292 -0.000118792 0.999999940 -0.008323176
0.999999762 -0.000627240 -0.000166245 0.002332401 0.000627240 0.999999821 0.000001886 0.002659550 0.000166244 -0.000001990 1.000000000 -0.010697559
0.999999702 -0.000722065 -0.000209923 0.002228173 0.000722040 0.999999762 -0.000116544 0.010115831 0.000210007 0.000116392 1.000000000 -0.004509966
0.999999285 -0.001197822 -0.000068908 0.000415844 0.001197826 0.999999285 0.000063670 -0.001994985 0.000068831 -0.000063753 1.000000000 -0.000855647
1.000000000 -0.000057415 0.000049508 -0.000664017 0.000057403 0.999999940 0.000241075 -0.007387507 -0.000049521 -0.000241072 0.999999940 -0.001437268
1.000000000 -0.000131113 -0.000056026 0.000895024 0.000131115 1.000000000 0.000052480 0.004068662 0.000056019 -0.000052487 1.000000000 -0.004001792
1.000000000 -0.000120262 -0.000191365 0.004392493 0.000120247 1.000000000 -0.000075544 0.010539130 0.000191375 0.000075521 1.000000000 -0.001267472
0.999999702 -0.000781966 -0.000136455 0.001761665 0.000781943 0.999999702 -0.000169028 0.007515846 0.000136587 0.000168921 1.000000000 -0.004731792
0.999999046 -0.001374773 -0.000027875 -0.001821728 0.001374770 0.999999046 -0.000097812 0.005351126 0.000028009 0.000097773 1.000000000 0.003032669
0.999999642 -0.000851390 0.000019133 -0.002407136 0.000851393 0.999999642 -0.000165028 0.004422983 -0.000018992 0.000165044 1.000000000 -0.001347870
0.999999940 -0.000259465 0.000121456 -0.001734409 0.000259447 0.999999940 0.000146268 -0.001643776 -0.000121494 -0.000146236 1.000000000 0.004112646
0.999999940 0.000249780 -0.000151164 0.004105073 -0.000249766 0.999999940 0.000086751 0.002993319 0.000151185 -0.000086713 1.000000000 -0.004951832
0.999999940 -0.000286599 -0.000296322 0.005613771 0.000286623 0.999999940 0.000082041 0.000805699 0.000296298 -0.000082126 0.999999940 -0.006284116
0.999999583 -0.000892570 -0.000075451 -0.002461282 0.000892560 0.999999583 -0.000130513 0.009256863 0.000075568 0.000130445 1.000000000 -0.003342994
0.999999046 -0.001373210 0.000017138 -0.001548868 0.001373211 0.999999046 -0.000063711 0.004168781 -0.000017051 0.000063734 1.000000000 0.001524421
0.999999583 -0.000875910 0.000236179 -0.009977206 0.000875911 0.999999642 -0.000004658 0.000254458 -0.000236175 0.000004865 1.000000000 0.004512754
0.999999821 -0.000583239 0.000195324 -0.007550901 0.000583225 0.999999821 0.000069572 -0.000116979 -0.000195364 -0.000069458 1.000000000 -0.002928399
0.999999940 -0.000394523 0.000072106 -0.001152265 0.000394515 0.999999940 0.000113492 -0.005992342 -0.000072151 -0.000113463 1.000000000 -0.005065885
1.000000000 -0.000159231 0.000078878 -0.002550441 0.000159215 0.999999940 0.000197910 -0.005513847 -0.000078910 -0.000197898 1.000000000 -0.002616186
0.999999940 -0.000285070 0.000092170 -0.001497624 0.000285049 0.999999940 0.000224511 -0.006888965 -0.000092234 -0.000224485 1.000000000 0.002240658
1.000000000 0.000132518 -0.000038369 0.002519448 -0.000132509 0.999999940 0.000223968 -0.002576155 0.000038399 -0.000223963 1.000000000 -0.001231414
1.000000000 0.000181218 -0.000140358 0.002758221 -0.000181231 1.000000000 -0.000093559 0.009974215 0.000140341 0.000093585 1.000000000 -0.000955494
0.999999821 -0.000594367 -0.000105948 0.001185041 0.000594352 0.999999821 -0.000139317 0.005726546 0.000106031 0.000139254 1.000000000 -0.005728478
0.999999285 -0.001188525 -0.000151879 0.001751847 0.001188511 0.999999285 -0.000095725 0.011705274 0.000151993 0.000095544 1.000000000 -0.001268303
0.999999940 -0.000312569 0.000186169 -0.007370067 0.000312523 0.999999940 0.000252055 -0.002990438 -0.000186248 -0.000251997 0.999999940 0.000100800
1.000000000 -0.000073326 0.000103926 -0.003240325 0.000073323 1.000000000 0.000034886 0.001161863 -0.000103928 -0.000034878 1.000000000 -0.000983932
0.999999881 0.000431879 -0.000199942 0.005246148 -0.000431846 0.999999881 0.000167200 -0.000361661 0.000200014 -0.000167114 0.999999940 -0.005345027
0.999999940 -0.000336252 -0.000171493 0.005449614 0.000336244 0.999999940 -0.000050017 0.006827300 0.000171510 0.000049959 1.000000000 -0.003511463
0.999999881 -0.000477751 -0.000105312 0.001027763 0.000477750 0.999999881 -0.000008603 0.010131179 0.000105316 0.000008552 1.000000000 0.000830802
0.999999285 -0.001182670 -0.000140489 0.000853919 0.001182645 0.999999285 -0.000179193 0.006729763 0.000140701 0.000179027 1.000000000 -0.004347133
0.999999285 -0.001175984 0.000134871 -0.004083904 0.001175986 0.999999285 -0.000010731 -0.000713757 -0.000134858 0.000010890 1.000000000 0.002047726
0.999999762 -0.000646503 0.000149426 -0.004842022 0.000646485 0.999999762 0.000117693 -0.004553455 -0.000149502 -0.000117596 1.000000000 0.000519845
1.000000000 -0.000054456 0.000063122 -0.003005156 0.000054445 1.000000000 0.000177802 -0.005392912 -0.000063132 -0.000177798 1.000000000 0.000077631
0.999999940 0.000316191 -0.000016815 -0.001209061 -0.000316190 0.999999940 0.000073226 0.002526602 0.000016838 -0.000073220 1.000000000 -0.000727374
0.999999821 0.000533634 -0.000179701 0.003519866 -0.000533592 0.999999821 0.000232648 -0.001544047 0.000179826 -0.000232552 0.999999940 -0.005391069
1.000000000 -0.000033486 -0.000174295 0.003079209 0.000033503 1.000000000 0.000096185 -0.000408121 0.000174292 -0.000096191 1.000000000 -0.006953229
0.999999702 -0.000728751 -0.000098662 0.000374191 0.000728747 0.999999762 -0.000045442 0.004774568 0.000098695 0.000045370 1.000000000 -0.004268002
0.999999285 -0.001180933 -0.000052927 -0.001524464 0.001180921 0.999999285 -0.000222029 0.012165324 0.000053189 0.000221966 1.000000000 0.001574733
0.999999583 -0.000910791 -0.000012928 -0.001893752 0.000910791 0.999999583 0.000000141 -0.003890237 0.000012928 -0.000000153 1.000000000 -0.001738355
0.999999821 -0.000532609 0.000132705 -0.004962307 0.000532567 0.999999821 0.000315510 -0.009104218 -0.000132873 -0.000315439 0.999999940 -0.002182224
0.999999940 -0.000285533 0.000074619 -0.000974558 0.000285528 0.999999940 0.000072034 -0.005173832 -0.000074639 -0.000072012 1.000000000 0.000078019
0.999999940 0.000308724 -0.000050556 0.001096918 -0.000308715 0.999999940 0.000160998 -0.001838128 0.000050606 -0.000160982 1.000000000 -0.004794625
1.000000000 -0.000174501 -0.000111632 0.001881865 0.000174494 1.000000000 -0.000060951 0.004824981 0.000111643 0.000060931 1.000000000 -0.006453455
0.999999166 -0.001276742 -0.000046926 -0.000375514 0.001276734 0.999999166 -0.000172965 0.006769689 0.000047147 0.000172905 1.000000000 0.000409924
0.999999642 -0.000835810 0.000205744 -0.004172215 0.000835790 0.999999642 0.000096148 -0.005446615 -0.000205824 -0.000095976 1.000000000 0.000866115
0.999999940 0.000269332 0.000015884 0.000157563 -0.000269334 0.999999940 0.000127551 -0.000265043 -0.000015849 -0.000127556 1.000000000 -0.002470827
1.000000000 0.000083017 -0.000092210 0.001855300 -0.000082997 1.000000000 0.000218947 -0.003346193 0.000092228 -0.000218939 1.000000000 -0.005692058
0.999999523 -0.000983642 -0.000125981 -0.000800974 0.000983625 0.999999523 -0.000131016 0.003354245 0.000126110 0.000130892 1.000000000 -0.007329370
1.000000000 0.000031918 0.000020886 0.003097859 -0.000031921 1.000000000 0.000175630 -0.003432793 -0.000020880 -0.000175631 1.000000000 -0.002554349
0.999999702 -0.000768740 0.000004795 -0.003534753 0.000768738 0.999999702 0.000251880 -0.001095262 -0.000004989 -0.000251876 0.999999940 0.000899179
0.999999106 -0.001320571 -0.000237768 0.007198916 0.001320417 0.999998927 -0.000647792 0.013459023 0.000238623 0.000647478 0.999999762 -0.009299979
0.999999940 -0.000333424 0.000025782 0.006511542 0.000333425 0.999999940 -0.000031740 -0.000882101 -0.000025771 0.000031749 1.000000000 0.012246267
0.999999821 -0.000617586 0.000138852 -0.002661698 0.000617614 0.999999762 -0.000202581 0.005830848 -0.000138727 0.000202667 0.999999940 0.044005867
0.999999881 -0.000484509 0.000132991 -0.000237481 0.000484522 0.999999881 -0.000101784 -0.002557694 -0.000132941 0.000101848 1.000000000 0.077363081
1.000000000 -0.000045445 0.000131426 0.004528884 0.000045468 1.000000000 -0.000176106 0.006431853 -0.000131418 0.000176112 1.000000000 0.133934110
0.999999821 -0.000605537 0.000191772 -0.001899024 0.000605569 0.999999821 -0.000165130 0.002563079 -0.000191672 0.000165246 0.999999940 0.202099755
0.999999940 0.000228439 0.000102082 0.003734544 -0.000228416 0.999999940 -0.000230560 0.007274089 -0.000102134 0.000230536 0.999999940 0.306187600
0.999999821 -0.000379436 0.000394377 -0.003226687 0.000379552 0.999999881 -0.000294118 0.007242512 -0.000394265 0.000294268 0.999999881 0.418281287
0.999999881 -0.000393225 0.000362770 -0.005741131 0.000393340 0.999999881 -0.000317064 0.008645432 -0.000362646 0.000317207 0.999999881 0.555123091
0.999999523 -0.000946937 0.000330453 -0.000615611 0.000946965 0.999999523 -0.000084494 -0.000918174 -0.000330373 0.000084807 0.999999940 0.724982679
0.999999881 0.000205382 0.000444031 -0.003139863 -0.000205452 0.999999940 0.000156621 -0.005690877 -0.000443999 -0.000156712 0.999999881 0.925725341
0.999999583 0.000503019 0.000762590 -0.007989421 -0.000503008 0.999999881 -0.000014313 0.003394756 -0.000762597 0.000013930 0.999999702 1.143287182
0.999999464 -0.000613995 0.000813269 -0.018077683 0.000614017 0.999999821 -0.000026461 0.012457243 -0.000813253 0.000026961 0.999999642 1.403432369
0.999998987 -0.001067650 0.000966752 -0.025084486 0.001068023 0.999999344 -0.000385752 0.010559152 -0.000966340 0.000386784 0.999999464 1.693566561
0.999998271 -0.001744223 0.000666082 -0.021891741 0.001744107 0.999998450 0.000174717 -0.001632353 -0.000666386 -0.000173555 0.999999762 2.004612923
0.999995351 -0.002951504 0.000774391 -0.035412505 0.002951018 0.999995470 0.000628478 -0.016949685 -0.000776242 -0.000626190 0.999999523 2.363212824
0.999999583 -0.000406062 0.000846504 -0.018870058 0.000405657 0.999999821 0.000478247 0.010738846 -0.000846698 -0.000477904 0.999999523 2.736149549
0.999999285 0.000182655 0.001185291 -0.037687439 -0.000182950 0.999999940 0.000249411 0.013046475 -0.001185246 -0.000249627 0.999999285 3.164294720
0.999999344 -0.000061043 0.001125350 -0.037550233 0.000061005 1.000000000 0.000033410 0.022364719 -0.001125352 -0.000033342 0.999999344 3.623403549
0.999998748 -0.001575698 0.000202286 -0.026724702 0.001575491 0.999998212 0.001019431 -0.012178842 -0.000203891 -0.001019111 0.999999464 4.097453594
0.999999285 -0.001105158 0.000394230 -0.032999296 0.001104651 0.999998569 0.001283263 -0.004780032 -0.000395647 -0.001282827 0.999999106 4.621585369
0.999999404 -0.001048109 0.000221810 -0.040898670 0.001047787 0.999998391 0.001442903 0.001807710 -0.000223322 -0.001442670 0.999998927 5.174759388
0.999999821 -0.000240287 0.000491532 -0.034771968 0.000239316 0.999998033 0.001974736 -0.009442760 -0.000492005 -0.001974618 0.999997914 5.742406368
0.999999881 0.000024004 0.000517670 -0.053909928 -0.000025127 0.999997675 0.002169455 -0.010623637 -0.000517617 -0.002169468 0.999997497 6.393204689
0.999998808 -0.001322408 0.000806806 -0.054239444 0.001320703 0.999996901 0.002110333 -0.009149292 -0.000809595 -0.002109265 0.999997437 7.048355579
0.999999583 -0.000323762 0.000851815 -0.058346260 0.000321665 0.999996901 0.002460815 -0.005278815 -0.000852609 -0.002460540 0.999996603 7.724116802
0.999998689 -0.001504734 0.000555370 -0.066144161 0.001503282 0.999995470 0.002605829 -0.012678731 -0.000559289 -0.002604990 0.999996424 8.475477219
0.999997318 -0.002288851 0.000393163 -0.074396506 0.002287684 0.999993026 0.002943296 -0.002446638 -0.000399897 -0.002942388 0.999995589 9.239114761
0.999997079 -0.002349518 0.000605054 -0.080617979 0.002347670 0.999992609 0.003035541 -0.003267934 -0.000612181 -0.003034112 0.999995232 10.042114258
0.999997914 -0.001956291 0.000605726 -0.087138779 0.001953985 0.999990940 0.003784069 -0.006711333 -0.000613123 -0.003782877 0.999992669 10.875168800
0.999999881 -0.000431446 -0.000035525 -0.088269152 0.000431564 0.999994099 0.003411916 0.006082154 0.000034053 -0.003411931 0.999994159 11.737433434
0.999998331 -0.001808126 0.000183506 -0.096720703 0.001807444 0.999991715 0.003649326 -0.008806949 -0.000190102 -0.003648988 0.999993324 12.619636536
0.999995589 -0.002820178 0.000950622 -0.109094866 0.002816160 0.999987185 0.004202751 -0.011894438 -0.000962462 -0.004200054 0.999990702 13.519319534
0.999999702 -0.000551599 0.000575064 -0.110878646 0.000548901 0.999988914 0.004681390 0.007009158 -0.000577640 -0.004681072 0.999988854 14.454076767
0.999993801 -0.003414087 0.000860233 -0.132058218 0.003410562 0.999985933 0.004066624 0.008390047 -0.000874104 -0.004063665 0.999991357 15.429147720
0.999994457 -0.003093219 0.001240343 -0.143843889 0.003088562 0.999988258 0.003739332 0.006195184 -0.001251895 -0.003735480 0.999992251 16.417701721
0.999998987 -0.001006836 0.000996728 -0.141080290 0.001001965 0.999987602 0.004875245 0.010910963 -0.001001624 -0.004874241 0.999987602 17.427541733
0.999998391 -0.001630884 0.000783103 -0.146499962 0.001627042 0.999986768 0.004881782 0.002160205 -0.000791054 -0.004880500 0.999987781 18.475355148
0.999999642 0.000659324 0.000507631 -0.140907347 -0.000662141 0.999984264 0.005570255 0.004935692 -0.000503951 -0.005570590 0.999984384 19.538070679
0.999996901 -0.002337287 0.000886865 -0.169058010 0.002333180 0.999986708 0.004603915 0.004149130 -0.000897614 -0.004601832 0.999989033 20.636207581
0.999998510 -0.001434216 0.000966870 -0.182515636 0.001429243 0.999985874 0.005124214 0.000055420 -0.000974206 -0.005122825 0.999986410 21.786138535
0.999998271 -0.001540801 0.001032908 -0.186407119 0.001535330 0.999984920 0.005276448 -0.000166749 -0.001041022 -0.005274852 0.999985576 22.922279358
0.999999046 -0.000791961 0.001148050 -0.187983304 0.000786064 0.999986529 0.005127653 0.006824895 -0.001152096 -0.005126746 0.999986172 24.094442368
0.999998093 -0.001209109 0.001549441 -0.197432324 0.001200342 0.999983311 0.005646556 -0.011537676 -0.001556243 -0.005644685 0.999982834 25.311950684
0.999998689 0.000045328 0.001613832 -0.207323790 -0.000054843 0.999982595 0.005896214 -0.006262653 -0.001613536 -0.005896295 0.999981344 26.546897888
0.999997556 -0.001162212 0.001890719 -0.243231401 0.001150166 0.999979138 0.006359631 0.003143074 -0.001898071 -0.006357440 0.999978006 31.687173843
0.999997258 -0.001408575 0.001875327 -0.250617385 0.001396341 0.999977827 0.006508872 0.000553647 -0.001884454 -0.006506236 0.999977052 33.040946960
0.999997854 -0.000105853 0.002075120 -0.264143616 0.000091961 0.999977589 0.006693380 0.021053860 -0.002075782 -0.006693176 0.999975443 34.391021729
0.999998629 -0.000850060 0.001403130 -0.265080988 0.000840276 0.999975443 0.006958685 0.013634314 -0.001409010 -0.006957497 0.999974787 35.808341980
0.999995470 -0.002218228 0.002022492 -0.289973080 0.002203649 0.999971807 0.007182325 0.006057207 -0.002038367 -0.007177836 0.999972165 37.212699890
0.999999464 -0.000457357 0.000906749 -0.299398392 0.000450951 0.999975026 0.007052915 0.010320714 -0.000909952 -0.007052503 0.999974728 38.680988312
0.999998868 -0.000911358 0.001199809 -0.319902509 0.000903172 0.999976456 0.006805360 0.019506605 -0.001205983 -0.006804269 0.999976099 40.118869781
0.999997616 -0.001077939 0.001887048 -0.329350293 0.001064707 0.999974966 0.006999265 0.026853498 -0.001894545 -0.006997240 0.999973714 41.592967987
0.999999285 0.000072518 0.001206626 -0.334202141 -0.000081446 0.999972582 0.007401073 0.020973176 -0.001206056 -0.007401166 0.999971867 43.101470947
0.999996185 -0.002299517 0.001529909 -0.343060434 0.002287186 0.999965250 0.008013117 0.018541301 -0.001548282 -0.008009587 0.999966741 44.618968964
0.999998689 -0.000823628 0.001401251 -0.356950969 0.000811547 0.999962687 0.008600621 0.033659577 -0.001408282 -0.008599471 0.999962032 46.165790558
0.999998093 -0.001885285 0.000486066 -0.368698210 0.001880957 0.999959886 0.008756471 0.050347466 -0.000502555 -0.008755540 0.999961555 47.730007172
0.999998212 -0.001639589 0.000961647 -0.360909671 0.001630611 0.999955773 0.009263737 0.035057820 -0.000976793 -0.009262152 0.999956608 49.310356140
0.999998927 -0.000610238 0.001337310 -0.391423404 0.000598315 0.999960244 0.008898322 0.048245575 -0.001342687 -0.008897512 0.999959528 50.914333344
0.999999225 -0.000077452 0.001248288 -0.399714261 0.000065183 0.999951720 0.009825319 0.051056325 -0.001248989 -0.009825230 0.999950945 52.531360626
0.999998748 0.000563817 0.001492183 -0.411574751 -0.000578143 0.999953568 0.009617861 0.052058421 -0.001486691 -0.009618713 0.999952614 54.149696350
0.999997854 -0.001878822 0.000848079 -0.411395758 0.001871209 0.999958754 0.008890164 0.054340426 -0.000864747 -0.008888558 0.999960124 55.814548492
0.999996364 -0.002211614 0.001560314 -0.435027003 0.002196471 0.999951124 0.009641092 0.075722709 -0.001581560 -0.009637630 0.999952316 57.469226837
0.999995351 -0.002423004 0.001835824 -0.441732854 0.002405787 0.999953628 0.009323138 0.086213596 -0.001858329 -0.009318679 0.999954879 59.109806061
0.999997735 -0.001096347 0.001814266 -0.451376438 0.001078404 0.999950767 0.009861567 0.086786330 -0.001824988 -0.009859589 0.999949753 60.806583405
0.999998689 -0.000070256 0.001602554 -0.455252230 0.000055530 0.999957800 0.009187133 0.098002516 -0.001603132 -0.009187032 0.999956489 62.483676910
0.999998569 -0.000748718 0.001516307 -0.466733098 0.000733594 0.999950230 0.009950800 0.099677645 -0.001523682 -0.009949673 0.999949336 64.184448242
0.999999225 -0.000745392 0.000992792 -0.479383707 0.000735769 0.999953091 0.009658646 0.110532448 -0.000999945 -0.009657908 0.999952853 65.877601624
0.999999940 -0.000095141 0.000299047 -0.499055654 0.000092166 0.999950707 0.009931351 0.120568216 -0.000299977 -0.009931323 0.999950647 67.553627014
0.999999881 0.000215353 0.000418848 -0.507218421 -0.000219863 0.999941647 0.010798481 0.128077388 -0.000416498 -0.010798573 0.999941587 69.263412476
0.999998987 -0.001219141 0.000764644 -0.523461223 0.001211316 0.999947727 0.010151404 0.141667664 -0.000776980 -0.010150467 0.999948204 70.974159241
0.999999344 -0.000295712 0.001094172 -0.534806430 0.000284409 0.999946773 0.010315849 0.149227485 -0.001097164 -0.010315530 0.999946177 72.684181213
0.999994695 -0.002559580 0.002008864 -0.571493149 0.002537319 0.999936223 0.011006641 0.130167112 -0.002036908 -0.011001485 0.999937415 74.412742615
0.999999464 -0.000156980 0.001049673 -0.557072639 0.000146574 0.999950945 0.009906463 0.165780097 -0.001051176 -0.009906303 0.999950349 76.085876465
0.999998271 -0.000957152 0.001599876 -0.579506457 0.000941208 0.999950171 0.009936949 0.156294033 -0.001609307 -0.009935426 0.999949336 77.834159851
0.999998569 0.001090637 0.001310013 -0.585505426 -0.001102271 0.999959648 0.008912730 0.193870351 -0.001300239 -0.008914161 0.999959409 79.528709412
0.999998629 -0.000805523 0.001463985 -0.604917645 0.000790693 0.999948680 0.010102605 0.162143812 -0.001472048 -0.010101434 0.999947906 81.264198303
0.999998987 -0.000355380 0.001370938 -0.613260925 0.000342564 0.999956369 0.009337327 0.181124911 -0.001374196 -0.009336849 0.999955475 82.987152100
0.999998987 0.000120805 0.001399153 -0.626954138 -0.000133171 0.999960899 0.008841624 0.192546710 -0.001398030 -0.008841801 0.999959946 84.695899963
0.999998927 0.000309326 0.001447759 -0.638512373 -0.000322006 0.999961495 0.008766164 0.187982887 -0.001444992 -0.008766620 0.999960542 86.447807312
0.999997735 0.000354532 0.002098375 -0.656376600 -0.000372157 0.999964595 0.008404880 0.212102219 -0.002095321 -0.008405642 0.999962449 88.151962280
0.999995351 -0.000584575 0.002997190 -0.671349823 0.000556407 0.999955773 0.009390176 0.193067789 -0.003002547 -0.009388465 0.999951422 89.893371582
0.999995708 -0.000342762 0.002911767 -0.674715996 0.000318704 0.999965847 0.008258777 0.210048407 -0.002914499 -0.008257814 0.999961674 91.630126953
0.999996424 0.000569867 0.002617228 -0.681753635 -0.000590514 0.999968648 0.007894745 0.220718205 -0.002612646 -0.007896263 0.999965429 93.361946106
0.999997497 0.000779007 0.002099154 -0.692005217 -0.000793939 0.999974310 0.007121755 0.222610757 -0.002093552 -0.007123403 0.999972463 95.087432861
0.999998808 0.000114632 0.001552059 -0.702216685 -0.000125041 0.999977469 0.006708313 0.234319210 -0.001551255 -0.006708499 0.999976277 96.817443848
0.999998987 0.000089122 0.001415635 -0.715267360 -0.000099899 0.999971032 0.007614738 0.235918686 -0.001414915 -0.007614872 0.999970019 98.544303894
0.999999464 0.000011449 0.001015470 -0.721643388 -0.000019287 0.999970198 0.007718688 0.242830172 -0.001015352 -0.007718704 0.999969721 100.277595520
0.999999523 0.000694533 0.000714532 -0.744172871 -0.000699395 0.999976456 0.006825789 0.247757122 -0.000709775 -0.006826285 0.999976456 102.014472961
0.999997914 0.001353377 0.001537874 -0.749190867 -0.001362919 0.999979734 0.006220180 0.240628377 -0.001529425 -0.006222263 0.999979496 103.739273071
0.999996901 0.001250345 0.002160088 -0.754359365 -0.001261864 0.999984920 0.005339716 0.244215921 -0.002153379 -0.005342425 0.999983430 105.462425232
0.999997437 0.000244386 0.002245128 -0.775214911 -0.000255411 0.999987900 0.004911973 0.232734770 -0.002243901 -0.004912533 0.999985397 107.199172974
0.999997258 -0.000721313 0.002229315 -0.779278517 0.000711463 0.999989986 0.004415676 0.227295250 -0.002232478 -0.004414078 0.999987781 108.949684143
0.999997199 -0.001204303 0.002030786 -0.791952729 0.001195244 0.999989331 0.004456438 0.230128109 -0.002036131 -0.004453998 0.999988019 110.683029175
0.999999464 -0.000006714 0.001034301 -0.793322980 0.000003105 0.999993920 0.003489448 0.232857212 -0.001034319 -0.003489443 0.999993384 112.424743652
0.999998689 -0.000865849 0.001379671 -0.810473084 0.000862835 0.999997258 0.002183528 0.224271297 -0.001381558 -0.002182334 0.999996662 114.177726746
0.999997616 -0.001332760 0.001738384 -0.814987779 0.001330661 0.999998391 0.001208164 0.220412165 -0.001739992 -0.001205848 0.999997735 115.922760010
0.999998271 -0.000110884 0.001852449 -0.827177763 0.000110241 0.999999940 0.000346979 0.216766402 -0.001852487 -0.000346774 0.999998212 117.648445129
0.999998689 -0.000708531 0.001440052 -0.839984119 0.000708563 0.999999762 -0.000021647 0.199910447 -0.001440036 0.000022667 0.999998987 119.400566101
0.999999225 0.000181633 0.001221696 -0.844036937 -0.000180773 0.999999762 -0.000703751 0.195125952 -0.001221824 0.000703530 0.999998987 121.164421082
0.999998569 -0.000111665 0.001676413 -0.854965031 0.000114708 0.999998331 -0.001814794 0.179542735 -0.001676208 0.001814984 0.999996960 122.907203674
0.999997914 -0.000308523 0.002032456 -0.887363791 0.000313407 0.999997079 -0.002402919 0.156527400 -0.002031708 0.002403551 0.999995053 124.638465881
0.999997377 0.000844343 0.002132908 -0.887541413 -0.000837812 0.999994993 -0.003061141 0.158782497 -0.002135482 0.003059346 0.999993026 126.392189026
0.999997973 0.000860106 0.001819213 -0.893125415 -0.000853972 0.999993980 -0.003369989 0.142956048 -0.001822100 0.003368429 0.999992669 128.142288208
0.999998152 0.000233115 0.001912585 -0.911670923 -0.000224917 0.999990821 -0.004285276 0.128995389 -0.001913566 0.004284838 0.999988973 129.892364502
0.999998510 -0.000874828 0.001482667 -0.911405504 0.000883263 0.999983370 -0.005697568 0.109462999 -0.001477657 0.005698869 0.999982655 131.640808105
0.999997914 -0.001417857 0.001470866 -0.922218621 0.001427531 0.999977231 -0.006597094 0.083542503 -0.001461479 0.006599180 0.999977171 133.383789062
0.999997556 -0.001077397 0.001927681 -0.939439833 0.001090812 0.999975085 -0.006971713 0.061675999 -0.001920121 0.006973799 0.999973834 135.141616821
0.999997497 -0.000517579 0.002183334 -0.950717568 0.000534957 0.999968112 -0.007966356 0.042351004 -0.002179141 0.007967504 0.999965906 136.888092041
0.999997020 -0.000721956 0.002326550 -0.957197607 0.000742968 0.999958813 -0.009043368 0.028243808 -0.002319925 0.009045070 0.999956429 138.636535645
0.999996662 -0.001314752 0.002235930 -0.963587403 0.001337564 0.999946773 -0.010231726 -0.002941930 -0.002222359 0.010234682 0.999945164 140.391143799
0.999996662 -0.001154027 0.002303283 -0.969293654 0.001180227 0.999934256 -0.011406269 -0.028598335 -0.002289968 0.011408949 0.999932289 142.160461426
0.999996901 -0.001353922 0.002086275 -0.990550458 0.001380203 0.999919057 -0.012647408 -0.057394151 -0.002068983 0.012650249 0.999917865 143.897247314
0.999998212 -0.000776797 0.001725142 -1.000888109 0.000800243 0.999906778 -0.013631651 -0.092621058 -0.001714392 0.013633007 0.999905586 145.675216675
0.999998748 -0.000555242 0.001497180 -0.998898864 0.000577850 0.999885201 -0.015142205 -0.107695110 -0.001488600 0.015143051 0.999884248 147.437561035
0.999993980 -0.003281062 0.001122723 -1.008725166 0.003299079 0.999859393 -0.016441362 -0.164881706 -0.001068620 0.016444968 0.999864221 149.178573608
0.999997318 -0.002070416 0.001047587 -1.025366545 0.002088503 0.999843478 -0.017570280 -0.207507387 -0.001011045 0.017572422 0.999845088 150.958129883
0.999996543 -0.002316667 0.001250107 -1.032030106 0.002339562 0.999823630 -0.018634809 -0.243932888 -0.001206716 0.018637670 0.999825597 152.713607788
0.999997020 -0.002112802 0.001242845 -1.038889408 0.002136847 0.999804139 -0.019674195 -0.288049787 -0.001201034 0.019676792 0.999805689 154.474090576
0.999999166 -0.000475721 0.001221412 -1.056121349 0.000500826 0.999786913 -0.020637175 -0.331874788 -0.001211334 0.020637767 0.999786258 156.243637085
0.999996543 -0.002231135 0.001394968 -1.061600089 0.002260869 0.999762177 -0.021689799 -0.399448991 -0.001346243 0.021692876 0.999763787 158.010940552
0.999998569 -0.001291583 0.001067052 -1.068350077 0.001315993 0.999729931 -0.023201739 -0.447434127 -0.001036797 0.023203110 0.999730229 159.771881104
0.999999344 -0.000537291 0.000989732 -1.085749269 0.000561733 0.999690711 -0.024863776 -0.496105194 -0.000976067 0.024864316 0.999690354 161.545410156
0.999999523 -0.000018897 0.000946316 -1.097802281 0.000043416 0.999664128 -0.025916765 -0.547206044 -0.000945509 0.025916794 0.999663651 163.283432007
0.999998987 0.000394897 0.001384436 -1.118091583 -0.000357151 0.999631047 -0.027159601 -0.612148166 -0.001394651 0.027159080 0.999630153 165.057876587
0.999999523 0.000435073 0.000883132 -1.118960261 -0.000409038 0.999571443 -0.029270297 -0.655680180 -0.000895488 0.029269921 0.999571145 166.841735840
0.999998987 -0.000499376 0.001312240 -1.140448332 0.000539779 0.999520123 -0.030971993 -0.734215200 -0.001296143 0.030972671 0.999519408 168.593139648
0.999997735 -0.000444373 0.002067653 -1.158249497 0.000510896 0.999478579 -0.032284822 -0.792952359 -0.002052228 0.032285806 0.999476552 170.351715088
0.999996483 -0.000688282 0.002567124 -1.169190645 0.000774490 0.999430597 -0.033733182 -0.873387992 -0.002542445 0.033735052 0.999427557 172.102416992
0.999996066 -0.001327808 0.002460871 -1.161408067 0.001413867 0.999375582 -0.035305519 -0.945358038 -0.002412456 0.035308857 0.999373555 173.874130249
0.999997377 -0.000554504 0.002209351 -1.179950237 0.000635308 0.999324560 -0.036742374 -1.011136413 -0.002187485 0.036743686 0.999322355 175.668380737
0.999998093 -0.000999513 0.001683664 -1.185423851 0.001062785 0.999276876 -0.038008325 -1.092438698 -0.001644457 0.038010038 0.999275982 177.433990479
0.999998212 -0.000788745 0.001723584 -1.194438934 0.000856898 0.999203086 -0.039905503 -1.181427717 -0.001690735 0.039906912 0.999201953 179.193786621
0.999998927 -0.000462278 0.001372203 -1.194513083 0.000518667 0.999143243 -0.041381910 -1.265555501 -0.001351897 0.041382581 0.999142468 180.988876343
0.999997914 -0.000962382 0.001789004 -1.214652181 0.001039298 0.999052763 -0.043502301 -1.342279673 -0.001745444 0.043504074 0.999051750 182.758728027
0.999997854 -0.000320529 0.002060370 -1.230884433 0.000414071 0.998961449 -0.045561641 -1.445314884 -0.002043626 0.045562394 0.998959422 184.520660400
0.999996960 0.000249044 0.002447457 -1.244995236 -0.000132780 0.998876452 -0.047389619 -1.557064295 -0.002456509 0.047389150 0.998873472 186.294815063
0.999995589 0.000295367 0.002954452 -1.260746598 -0.000148905 0.998776555 -0.049450990 -1.640079856 -0.002965443 0.049450334 0.998772204 188.063232422
0.999997199 0.000142801 0.002368777 -1.254832983 -0.000020000 0.998659492 -0.051760621 -1.737933993 -0.002372993 0.051760428 0.998656690 189.851165771
0.999997079 -0.000323880 0.002404974 -1.268031478 0.000453236 0.998541772 -0.053982634 -1.847566247 -0.002383983 0.053983565 0.998538971 191.615158081
0.999996305 -0.001041845 0.002499771 -1.279093385 0.001181524 0.998399496 -0.056542091 -1.974748015 -0.002436862 0.056544840 0.998397112 193.377273560
0.999996662 -0.000491159 0.002537784 -1.293413997 0.000639485 0.998270690 -0.058780964 -2.079167604 -0.002504525 0.058782388 0.998267651 195.144775391
0.999997318 -0.001252510 0.001952046 -1.289360523 0.001367988 0.998177886 -0.060324691 -2.208596468 -0.001872932 0.060327202 0.998176873 196.938308716
0.999996722 -0.001286749 0.002217046 -1.316980481 0.001422185 0.998062015 -0.062210992 -2.321550369 -0.002132699 0.062213942 0.998060584 198.730819702
0.999993086 -0.002596302 0.002666675 -1.316377640 0.002764003 0.997885406 -0.064939260 -2.451237679 -0.002492434 0.064946175 0.997885644 200.492553711
0.999996841 -0.000837120 0.002375619 -1.315756083 0.000995505 0.997720599 -0.067472994 -2.580466509 -0.002313721 0.067475140 0.997718275 202.267379761
0.999996603 -0.000729737 0.002509968 -1.330479980 0.000904476 0.997522891 -0.070336767 -2.724081755 -0.002452423 0.070338793 0.997520149 204.028015137
0.999993324 -0.001176242 0.003466668 -1.344505668 0.001423121 0.997396708 -0.072095893 -2.868469000 -0.003372841 0.072100349 0.997391701 205.795806885
0.999991119 -0.001482799 0.003940918 -1.342725992 0.001768798 0.997287095 -0.073588476 -3.013022900 -0.003821111 0.073594794 0.997280896 207.561141968
0.999994040 -0.000150194 0.003449518 -1.350929022 0.000407028 0.997215271 -0.074575476 -3.153899670 -0.003428712 0.074576430 0.997209430 209.336761475
0.999994040 -0.000824319 0.003350465 -1.368071079 0.001078071 0.997072458 -0.076454654 -3.299890995 -0.003277633 0.076457813 0.997067451 211.125076294
0.999996960 0.000004442 0.002464310 -1.357074261 0.000189582 0.996896148 -0.078727908 -3.435202837 -0.002457011 0.078728132 0.996893108 212.900161743
0.999995708 -0.000200939 0.002922019 -1.380442619 0.000437628 0.996695399 -0.081228271 -3.586904526 -0.002896042 0.081229195 0.996691227 214.681152344
0.999995291 -0.000491727 0.003030419 -1.395990372 0.000743125 0.996505499 -0.083524115 -3.772285461 -0.002978758 0.083525978 0.996501148 216.461990356
0.999992371 -0.002007696 0.003350293 -1.399157882 0.002287627 0.996313334 -0.085758425 -3.948731661 -0.003165765 0.085765429 0.996310353 218.219680786
0.999992073 -0.000685704 0.003922424 -1.403448701 0.001028577 0.996111870 -0.088091128 -4.104605675 -0.003846769 0.088094465 0.996104717 219.998260498
0.999990642 -0.000948226 0.004216596 -1.407981396 0.001326098 0.995892286 -0.090536222 -4.266990662 -0.004113426 0.090540975 0.995884240 221.767211914
0.999994695 0.000023401 0.003252826 -1.402059555 0.000276477 0.995744228 -0.092159092 -4.456593037 -0.003241139 0.092159510 0.995738983 223.549346924
0.999994695 -0.000091932 0.003252660 -1.422640562 0.000396055 0.995607615 -0.093623385 -4.643628120 -0.003229766 0.093624175 0.995602369 225.324645996
0.999994040 0.000185434 0.003452488 -1.415426135 0.000146271 0.995397747 -0.095829546 -4.806910515 -0.003454369 0.095829472 0.995391786 227.103561401
0.999994874 -0.000232653 0.003200197 -1.429208279 0.000545974 0.995160878 -0.098257519 -5.004149914 -0.003161851 0.098258756 0.995155871 228.876907349
0.999996841 -0.000415700 0.002487375 -1.432823658 0.000661868 0.995007277 -0.099800497 -5.192822933 -0.002433469 0.099801823 0.995004356 230.653152466
0.999996722 -0.000934860 0.002380336 -1.449155450 0.001171073 0.994860113 -0.101252303 -5.390503407 -0.002273445 0.101254761 0.994857907 232.431167603
0.999995768 -0.000890343 0.002763826 -1.464928269 0.001170757 0.994662404 -0.103176430 -5.579395771 -0.002657212 0.103179231 0.994659245 234.222045898
0.999994993 -0.001907551 0.002527455 -1.462524176 0.002163362 0.994425893 -0.105415642 -5.773842335 -0.002312281 0.105420575 0.994425058 235.983352661
0.999995291 -0.002543005 0.001721667 -1.464498758 0.002712820 0.994240999 -0.107133180 -5.986456871 -0.001439312 0.107137352 0.994243205 237.769607544
0.999992430 -0.003282712 0.002075173 -1.497437000 0.003490422 0.993966997 -0.109623827 -6.194669724 -0.001702790 0.109630249 0.993970990 239.538650513
0.999992609 -0.002394963 0.003004097 -1.508716345 0.002715691 0.993732274 -0.111753523 -6.389607906 -0.002717623 0.111760855 0.993731439 241.311798096
0.999986768 -0.003519444 0.003758071 -1.510231614 0.003923756 0.993513644 -0.113645360 -6.608405590 -0.003333727 0.113658592 0.993514299 243.068572998
0.999982655 -0.003569602 0.004681639 -1.523505926 0.004087778 0.993263721 -0.115803696 -6.830843449 -0.004236729 0.115820833 0.993261099 244.861129761
0.999986351 -0.003462194 0.003915125 -1.514104605 0.003901722 0.992947936 -0.118486851 -7.052011490 -0.003477291 0.118500516 0.992947876 246.628494263
0.999990106 -0.001766050 0.004077780 -1.537408590 0.002245246 0.992689610 -0.120674565 -7.265655041 -0.003834852 0.120682523 0.992683768 248.392608643
0.999994814 -0.001763894 0.002695430 -1.521153212 0.002081964 0.992408574 -0.122967198 -7.495553493 -0.002458067 0.122972175 0.992407084 250.166625977
0.999996185 -0.001737825 0.002142933 -1.543034077 0.001990411 0.992262602 -0.124140836 -7.739772320 -0.001910617 0.124144636 0.992262304 251.958877563
0.999994338 -0.002131071 0.002596264 -1.549349189 0.002440564 0.992063224 -0.125716507 -7.984073162 -0.002307747 0.125722140 0.992062807 253.748062134
0.999993980 -0.003033577 0.001691291 -1.542675018 0.003224646 0.991815150 -0.127641380 -8.234669685 -0.001290238 0.127646059 0.991818964 255.516494751
0.999993086 -0.002672919 0.002595119 -1.572861195 0.002987090 0.991539896 -0.129768103 -8.475763321 -0.002226304 0.129774958 0.991540968 257.298919678
0.999993503 -0.001749322 0.003159685 -1.598288536 0.002149795 0.991306841 -0.131552950 -8.690703392 -0.002902088 0.131558880 0.991304100 259.058013916
0.999987721 -0.003559991 0.003451455 -1.592203021 0.003985990 0.991172791 -0.132516563 -8.977929115 -0.002949230 0.132528692 0.991174757 260.840301514
0.999985754 -0.003888895 0.003650077 -1.591200352 0.004345152 0.990876555 -0.134702668 -9.208518028 -0.003092932 0.134716615 0.990879357 262.598846436
0.999979138 -0.004177762 0.004921149 -1.628320575 0.004812429 0.990565419 -0.136956066 -9.472874641 -0.004302550 0.136976898 0.990564883 264.375030518
0.999980628 -0.004067333 0.004715803 -1.621125102 0.004683931 0.990263045 -0.139130145 -9.732224464 -0.004103997 0.139149547 0.990262866 266.137481689
0.999974489 -0.005149161 0.004951510 -1.612652302 0.005799445 0.989873886 -0.141831040 -9.996036530 -0.004171060 0.141856134 0.989878476 267.911010742
0.999972045 -0.004367321 0.006065326 -1.632769942 0.005196210 0.989539564 -0.144168332 -10.252337456 -0.005372250 0.144195810 0.989534616 269.665374756
0.999970973 -0.003354362 0.006840687 -1.634462714 0.004316058 0.989302933 -0.145811722 -10.542994499 -0.006278407 0.145837024 0.989288688 271.447662354
0.999974132 -0.004180580 0.005857571 -1.606285334 0.005002823 0.988937914 -0.148245618 -10.820344925 -0.005173022 0.148271069 0.988933206 273.204071045
0.999975383 -0.002777653 0.006441609 -1.636761546 0.003710240 0.988736868 -0.149618179 -11.098707199 -0.005953469 0.149638385 0.988722861 274.984954834
0.999972165 -0.004527305 0.005926366 -1.634383321 0.005371940 0.988472939 -0.151302189 -11.382009506 -0.005173061 0.151329815 0.988469779 276.753723145
0.999988079 -0.002293240 0.004313705 -1.642776132 0.002927856 0.988159359 -0.153402925 -11.667984009 -0.003910838 0.153413713 0.988154292 278.522735596
0.999987543 -0.003052759 0.003952818 -1.648483753 0.003628277 0.987921357 -0.154913545 -11.962220192 -0.003432159 0.154925942 0.987920105 280.305450439
0.999990046 -0.003443310 0.002840808 -1.631867766 0.003847653 0.987519920 -0.157447115 -12.260024071 -0.002263215 0.157456473 0.987523317 282.085784912
0.999986231 -0.003312560 0.004065032 -1.681395650 0.003916788 0.987270772 -0.159000129 -12.553365707 -0.003486590 0.159013867 0.987270176 283.849975586
0.999980330 -0.003968650 0.004857414 -1.680322409 0.004698847 0.986947894 -0.160971329 -12.846080780 -0.004155175 0.160990998 0.986947119 285.611236572
0.999980927 -0.005328769 0.003119210 -1.655738711 0.005765662 0.986630738 -0.162869722 -13.156752586 -0.002209614 0.162884593 0.986642659 287.391387939
0.999986112 -0.004415008 0.002872011 -1.701482058 0.004826893 0.986398876 -0.164298534 -13.487284660 -0.002107569 0.164310127 0.986406505 289.166625977
0.999986947 -0.003579554 0.003641846 -1.720258594 0.004136716 0.985991776 -0.166742608 -13.768394470 -0.002993966 0.166755512 0.985993743 290.932922363
0.999984205 -0.003960223 0.003995588 -1.696644068 0.004577446 0.985662162 -0.168668866 -14.082584381 -0.003270333 0.168684483 0.985664666 292.692779541
0.999982119 -0.003457838 0.004879924 -1.728658676 0.004234746 0.985531092 -0.169441909 -14.385936737 -0.004223414 0.169459552 0.985528111 294.444610596
0.999977887 -0.003045239 0.005907863 -1.747657537 0.004007686 0.985359728 -0.170440927 -14.703877449 -0.005302338 0.170460835 0.985350192 296.222747803
0.999977827 -0.003730096 0.005513391 -1.722819924 0.004625995 0.984973669 -0.172642514 -15.053758621 -0.004786571 0.172664180 0.984969139 297.990356445
0.999968886 -0.004766072 0.006282541 -1.718236923 0.005792576 0.984534800 -0.175093472 -15.376665115 -0.005350872 0.175124407 0.984531760 299.765594482
0.999974608 -0.003837906 0.006004424 -1.728088498 0.004837591 0.984286070 -0.176515073 -15.702600479 -0.005232623 0.176539630 0.984279633 301.536315918
0.999975741 -0.003690963 0.005903682 -1.732409239 0.004680927 0.984089077 -0.177614063 -16.018451691 -0.005154183 0.177637398 0.984082520 303.296600342
0.999981046 -0.003666885 0.004944872 -1.716640949 0.004489557 0.983978152 -0.178232670 -16.390766144 -0.004212087 0.178251505 0.983975947 305.091186523
0.999983728 -0.003111101 0.004777517 -1.727509141 0.003919154 0.983707666 -0.179732889 -16.702949524 -0.004140513 0.179748684 0.983703852 306.858062744
0.999984443 -0.003230495 0.004545514 -1.736129761 0.003999306 0.983503163 -0.180846810 -17.024530411 -0.003886303 0.180862188 0.983500779 308.606597900
0.999985397 -0.003029214 0.004481470 -1.739696383 0.003795149 0.983250260 -0.182220981 -17.391742706 -0.003854421 0.182235315 0.983247399 310.400177002
0.999984741 -0.003228240 0.004483107 -1.741848588 0.004000321 0.982808232 -0.184585989 -17.727851868 -0.003810146 0.184601098 0.982806146 312.155975342
0.999983251 -0.002708064 0.005117364 -1.752200007 0.003613181 0.982522488 -0.186108798 -18.068473816 -0.004523931 0.186124176 0.982515812 313.904296875
0.999980032 -0.003251617 0.005422222 -1.769544363 0.004208427 0.982344627 -0.187032878 -18.416650772 -0.004718332 0.187051952 0.982338667 315.665252686
0.999978304 -0.003064932 0.005830017 -1.778297305 0.004107772 0.982109845 -0.188264236 -18.763204575 -0.005148700 0.188284114 0.982101083 317.422729492
0.999973595 -0.003932130 0.006114662 -1.776558757 0.005018769 0.981901169 -0.189327478 -19.122026443 -0.005259534 0.189353168 0.981894970 319.186706543
0.999972880 -0.004509694 0.005818922 -1.763235211 0.005536918 0.981623471 -0.190747663 -19.482309341 -0.004851777 0.190774724 0.981621861 320.943542480
0.999980330 -0.003197307 0.005393032 -1.769541979 0.004174350 0.981344402 -0.192212611 -19.805999756 -0.004677859 0.192231357 0.981338501 322.680694580
0.999976635 -0.004614953 0.005038710 -1.779511929 0.005504702 0.980992854 -0.193965688 -20.200414658 -0.004047796 0.193988904 0.980995357 324.459259033
0.999984562 -0.003590650 0.004241458 -1.781512499 0.004350232 0.980714917 -0.195395276 -20.544351578 -0.003458065 0.195410714 0.980715394 326.211090088
0.999975383 -0.004247481 0.005588774 -1.798462749 0.005262855 0.980493128 -0.196482986 -20.898759842 -0.004645196 0.196507543 0.980491281 327.947052002
0.999970496 -0.004684744 0.006088923 -1.789232850 0.005794176 0.980322778 -0.197316214 -21.272977829 -0.005044734 0.197345659 0.980320990 329.721893311
0.999968052 -0.005998907 0.005279187 -1.786429167 0.006926710 0.980117083 -0.198298916 -21.612457275 -0.003984645 0.198329166 0.980127394 331.431610107
0.999970376 -0.005663186 0.005210977 -1.809571028 0.006584648 0.980093420 -0.198427588 -21.995235443 -0.003983513 0.198456019 0.980101705 333.198852539
0.999953747 -0.007009728 0.006584023 -1.810619831 0.008183070 0.979839921 -0.199616551 -22.366712570 -0.005052031 0.199661195 0.979851961 334.923095703
0.999956369 -0.006559973 0.006646835 -1.805082917 0.007765139 0.979448140 -0.201546684 -22.731975555 -0.005188090 0.201589510 0.979456365 336.701629639
0.999958813 -0.006362892 0.006475350 -1.810034871 0.007545882 0.979115427 -0.203165114 -23.120067596 -0.005047397 0.203205615 0.979123056 338.515960693
0.999959350 -0.005884429 0.006832427 -1.823472381 0.007154645 0.978944421 -0.204001412 -23.498498917 -0.005488135 0.204042003 0.978946745 340.279174805
0.999951065 -0.006498398 0.007456461 -1.824541569 0.007889189 0.978728473 -0.205008224 -23.874450684 -0.005965626 0.205057010 0.978731871 341.999084473
0.999953210 -0.006563268 0.007106660 -1.818920851 0.007886919 0.978509605 -0.206050292 -24.258186340 -0.005601572 0.206096694 0.978515625 343.760925293
0.999952435 -0.006614727 0.007164125 -1.829779983 0.007950954 0.978442073 -0.206368342 -24.634517670 -0.005644611 0.206415489 0.978448153 345.500244141
0.999951005 -0.006911557 0.007087892 -1.836040139 0.008229758 0.978285968 -0.207096070 -25.027814865 -0.005502630 0.207144260 0.978294909 347.319152832
0.999955893 -0.005838178 0.007358629 -1.842899203 0.007244877 0.977975607 -0.208593309 -25.417232513 -0.005978755 0.208637416 0.977974772 349.092163086
0.999948502 -0.007080184 0.007267799 -1.829042673 0.008450186 0.977609992 -0.210255161 -25.789819717 -0.005616428 0.210305765 0.977619529 350.795837402
0.999951243 -0.007560757 0.006353517 -1.825778961 0.008728783 0.977560043 -0.210476100 -26.201059341 -0.004619585 0.210521281 0.977578342 352.624603271
0.999952674 -0.007829567 0.005776423 -1.832262158 0.008872563 0.977427781 -0.211083412 -26.576229095 -0.003993344 0.211124659 0.977450967 354.336883545
0.999953270 -0.007649184 0.005915285 -1.842012405 0.008730051 0.977200866 -0.212137401 -26.952623367 -0.004157743 0.212179124 0.977221966 356.119567871
0.999956489 -0.006868807 0.006316106 -1.847104192 0.008053029 0.977181792 -0.212251857 -27.350399017 -0.004714067 0.212293491 0.977194607 357.840911865
0.999955893 -0.007025987 0.006234214 -1.836735606 0.008193101 0.977002263 -0.213071615 -27.745424271 -0.004593803 0.213113278 0.977016687 359.603576660
0.999954998 -0.007029547 0.006372262 -1.847292542 0.008230620 0.976793051 -0.214027107 -28.155214310 -0.004719868 0.214069933 0.976806939 361.370758057
0.999947190 -0.007948400 0.006514660 -1.843276858 0.009163974 0.976540565 -0.215138555 -28.556253433 -0.004651823 0.215186894 0.976561785 363.142761230
0.999951422 -0.007275546 0.006648224 -1.861338973 0.008536762 0.976495981 -0.215366527 -28.965703964 -0.004925055 0.215412810 0.976510644 364.914245605
0.999942362 -0.008249298 0.006874345 -1.857254028 0.009540800 0.976293385 -0.216240957 -29.359125137 -0.004927542 0.216294065 0.976315856 366.643920898
0.999950528 -0.007144372 0.006924742 -1.859388709 0.008476502 0.976153791 -0.216914535 -29.755762100 -0.005209895 0.216962487 0.976166010 368.429260254
0.999947667 -0.007417046 0.007044243 -1.858117819 0.008770589 0.976069808 -0.217280403 -30.148365021 -0.005264094 0.217330828 0.976083815 370.141448975
0.999946237 -0.007490795 0.007170994 -1.857144237 0.008872218 0.975984097 -0.217660934 -30.567930222 -0.005368324 0.217712849 0.975998104 371.930603027
0.999944627 -0.007712079 0.007156990 -1.858913422 0.009092480 0.975680232 -0.219010130 -30.971931458 -0.005293910 0.219063088 0.975696325 373.683685303
0.999948561 -0.006786315 0.007537493 -1.869786739 0.008277732 0.975493014 -0.219874695 -31.373291016 -0.005860632 0.219925776 0.975499034 375.434661865
0.999952078 -0.007341953 0.006479074 -1.850178242 0.008588555 0.975417554 -0.220197186 -31.770694733 -0.004703126 0.220242277 0.975433886 377.187225342
0.999951005 -0.006832954 0.007159737 -1.867345691 0.008239741 0.975509703 -0.219801947 -32.184448242 -0.005482497 0.219850168 0.975518227 378.945526123
0.999955773 -0.007051648 0.006222420 -1.860570788 0.008247807 0.975471139 -0.219972849 -32.583862305 -0.004518620 0.220014453 0.975486159 380.716613770
0.999957919 -0.006929753 0.006011504 -1.867515683 0.008078535 0.975672543 -0.219084099 -33.004886627 -0.004347061 0.219123438 0.975687444 382.480834961
0.999959528 -0.007141579 0.005475999 -1.866520882 0.008169274 0.975590408 -0.219446197 -33.407634735 -0.003775139 0.219482049 0.975609243 384.233825684
0.999963880 -0.006103240 0.005912166 -1.885455489 0.007255998 0.975397468 -0.220334157 -33.799430847 -0.004421960 0.220369115 0.975406528 385.996520996
0.999958158 -0.006811248 0.006110576 -1.882242084 0.007993523 0.975233972 -0.221031293 -34.220619202 -0.004453742 0.221070871 0.975247562 387.756072998
0.999953806 -0.007099584 0.006479885 -1.881638885 0.008358503 0.975131810 -0.221467912 -34.615833282 -0.004746413 0.221511841 0.975146115 389.486267090
0.999958456 -0.006399557 0.006486867 -1.894605517 0.007678730 0.975077331 -0.221732482 -35.020713806 -0.004906207 0.221773073 0.975085974 391.244750977
0.999955297 -0.004445358 0.008344877 -1.912014484 0.006183887 0.975129306 -0.221550539 -35.436222076 -0.007152462 0.221592233 0.975113153 393.004547119
0.999925792 -0.006030691 0.010587618 -1.882163048 0.008230703 0.975020707 -0.221961498 -35.847816467 -0.008984566 0.222032160 0.974997938 394.704620361
0.999960721 -0.004640427 0.007547818 -1.869293094 0.006209484 0.974707067 -0.223400101 -36.263824463 -0.006320240 0.223438188 0.974697590 396.501495361
0.999971271 -0.004514817 0.006087813 -1.867920637 0.005766608 0.974446356 -0.224546403 -36.676319122 -0.004918461 0.224575073 0.974444389 398.287017822
0.999968708 -0.004884774 0.006227450 -1.873188138 0.006158009 0.974465311 -0.224453568 -37.100185394 -0.004972029 0.224484891 0.974464893 400.056610107
0.999970913 -0.004343050 0.006272929 -1.891334772 0.005637316 0.974599123 -0.223885685 -37.506465912 -0.005141245 0.223914534 0.974595249 401.813507080
0.999971747 -0.004727695 0.005845487 -1.904274464 0.005914089 0.974713087 -0.223381817 -37.923271179 -0.004641591 0.223410070 0.974713504 403.584075928
0.999970317 -0.004968581 0.005889717 -1.897649527 0.006156489 0.974821568 -0.222901314 -38.338752747 -0.004633919 0.222930968 0.974823236 405.330841064
0.999966919 -0.004880392 0.006508244 -1.898990393 0.006209253 0.974785507 -0.223057523 -38.744125366 -0.005255534 0.223090544 0.974783540 407.065643311
0.999963105 -0.005107698 0.006906685 -1.912092566 0.006525614 0.974548042 -0.224083796 -39.153327942 -0.005586344 0.224120602 0.974545419 408.821929932
0.999970496 -0.004677073 0.006092345 -1.898979902 0.005923426 0.974551678 -0.224084795 -39.566390991 -0.004889244 0.224114269 0.974550605 410.593292236
0.999967754 -0.004778971 0.006452633 -1.906497478 0.006103965 0.974529803 -0.224174961 -39.982395172 -0.005216958 0.224207118 0.974527538 412.343841553
0.999968171 -0.004581799 0.006533060 -1.913450360 0.005928864 0.974571943 -0.223996460 -40.397617340 -0.005340630 0.224028051 0.974568069 414.094482422
0.999971986 -0.004557759 0.005940318 -1.909211755 0.005769713 0.974710166 -0.223398373 -40.807441711 -0.004771893 0.223426387 0.974709153 415.841186523
0.999968171 -0.005151684 0.006096277 -1.906533718 0.006383049 0.974726439 -0.223310500 -41.226879120 -0.004791778 0.223342299 0.974728286 417.605651855
0.999963343 -0.005830138 0.006273268 -1.909895539 0.007085599 0.974643052 -0.223653078 -41.640026093 -0.004810269 0.223689318 0.974648654 419.337341309
0.999966741 -0.005498219 0.006025613 -1.930369496 0.006710446 0.974464178 -0.224442616 -42.043663025 -0.004637709 0.224475577 0.974468708 421.085266113
0.999968529 -0.005550866 0.005664707 -1.930334091 0.006683560 0.974315643 -0.225087419 -42.470943451 -0.004269782 0.225118205 0.974322081 422.865997314
0.999967217 -0.005450154 0.005989072 -1.931860089 0.006661462 0.974168599 -0.225723624 -42.877616882 -0.004604138 0.225756109 0.974172950 424.620483398
0.999969304 -0.004906989 0.006104895 -1.944588542 0.006160679 0.974068224 -0.226170510 -43.297733307 -0.004836768 0.226201177 0.974068582 426.360443115
0.999974728 -0.004086116 0.005815010 -1.951043129 0.005295071 0.974093497 -0.226083681 -43.724006653 -0.004740559 0.226108775 0.974090517 428.136932373
0.999972820 -0.004538566 0.005808800 -1.947474122 0.005737837 0.973923266 -0.226805180 -44.154113770 -0.004627954 0.226832360 0.973922849 429.884002686
0.999974549 -0.003616278 0.006151296 -1.955494285 0.004924180 0.973623276 -0.228108436 -44.560661316 -0.005164142 0.228132933 0.973616302 431.655883789
0.999975204 -0.003614508 0.006044356 -1.952713251 0.004898609 0.973598659 -0.228214130 -44.992607117 -0.005059895 0.228238091 0.973592222 433.403839111
0.999978244 -0.003089631 0.005829288 -1.952827930 0.004338242 0.973612666 -0.228165761 -45.408416748 -0.004970521 0.228186086 0.973604858 435.154785156
0.999977708 -0.002512266 0.006186315 -1.962574244 0.003857422 0.973620892 -0.228139296 -45.826278687 -0.005449979 0.228158072 0.973608851 436.913574219
0.999973834 -0.003332203 0.006420380 -1.960405469 0.004705082 0.973785996 -0.227417409 -46.263710022 -0.005494276 0.227441669 0.973776221 438.661376953
0.999969602 -0.004553018 0.006333651 -1.958909631 0.005876127 0.973694026 -0.227783591 -46.678722382 -0.005129935 0.227813870 0.973691165 440.416870117
0.999966800 -0.005063056 0.006383217 -1.966815233 0.006389421 0.973448694 -0.228816181 -47.106975555 -0.005055225 0.228849381 0.973448694 442.182312012
0.999964356 -0.005675057 0.006252878 -1.964383364 0.006958702 0.973284841 -0.229495421 -47.527187347 -0.004783432 0.229530737 0.973289669 443.929779053
0.999961197 -0.006613816 0.005820430 -1.965085983 0.007775241 0.973162770 -0.229986444 -47.945617676 -0.004143138 0.230022773 0.973176420 445.706970215
0.999961674 -0.006612590 0.005736645 -1.975160837 0.007756770 0.973049819 -0.230464563 -48.384216309 -0.004058074 0.230500236 0.973063827 447.443450928
0.999964178 -0.006025267 0.005944555 -1.985223889 0.007237597 0.972821414 -0.231443658 -48.815902710 -0.004388481 0.231478378 0.972830176 449.198089600
0.999965072 -0.005561676 0.006243591 -1.983377099 0.006865374 0.972359121 -0.233389318 -49.235137939 -0.004772977 0.233424038 0.972363353 450.959960938
0.999962687 -0.005657394 0.006528713 -1.982351303 0.007028686 0.972186863 -0.234101132 -49.666622162 -0.005022726 0.234138295 0.972190320 452.703155518
0.999953926 -0.006886534 0.006688472 -1.988607526 0.008267721 0.971858442 -0.235420480 -50.102203369 -0.004879016 0.235464916 0.971870601 454.463928223
0.999954283 -0.007014143 0.006502112 -1.995999575 0.008352450 0.971625626 -0.236376628 -50.541839600 -0.004659640 0.236420140 0.971639752 456.227813721
0.999951124 -0.007546939 0.006384098 -1.987994909 0.008847302 0.971350074 -0.237488464 -50.991840363 -0.004408882 0.237533346 0.971369386 457.965454102
0.999954760 -0.007121975 0.006305318 -1.999391556 0.008426178 0.970792830 -0.239771426 -51.433250427 -0.004413511 0.239813715 0.970808923 459.727203369
0.999960959 -0.006553757 0.005922902 -2.005095243 0.007794751 0.970107734 -0.242549494 -51.877258301 -0.004156243 0.242586210 0.970120966 461.510803223
0.999955237 -0.007489847 0.005783819 -2.000687838 0.008677483 0.969564080 -0.244683832 -52.342384338 -0.003775139 0.244723052 0.969585657 463.260162354
0.999952078 -0.007098699 0.006739800 -2.009310961 0.008543322 0.968993366 -0.246939123 -52.793304443 -0.004777875 0.246984869 0.969007552 464.997161865
0.999951661 -0.007332768 0.006551218 -2.010862350 0.008734582 0.968387723 -0.249296740 -53.249862671 -0.004516084 0.249341920 0.968405008 466.759338379
0.999953508 -0.007385461 0.006201736 -2.012303352 0.008709496 0.967722595 -0.251867235 -53.728801727 -0.004141405 0.251909554 0.967741907 468.500427246
0.999951243 -0.007548096 0.006366714 -2.012336016 0.008928223 0.966535330 -0.256378025 -54.203655243 -0.004218489 0.256422371 0.966555595 470.265014648
0.999951482 -0.007293913 0.006620575 -2.021656275 0.008765992 0.965485334 -0.260309786 -54.696125031 -0.004493391 0.260355204 0.965502441 472.006652832
0.999956787 -0.006818716 0.006320048 -2.026946783 0.008248561 0.964293659 -0.264706820 -55.192459106 -0.004289421 0.264747530 0.964308202 473.759399414
0.999966085 -0.005538282 0.006094823 -2.039334774 0.006977978 0.962854326 -0.269931138 -55.684535980 -0.004373472 0.269964516 0.962860346 475.514190674
0.999968410 -0.004902141 0.006259812 -2.038399458 0.006429912 0.961702883 -0.274018645 -56.205772400 -0.004676801 0.274050236 0.961704016 477.245758057
0.999963582 -0.005168776 0.006791419 -2.036706209 0.006859302 0.960220277 -0.279159337 -56.726963043 -0.005078346 0.279195756 0.960220754 478.969146729
0.999964595 -0.005046992 0.006735401 -2.052429676 0.006761759 0.958254933 -0.285835177 -57.259941101 -0.005011623 0.285870582 0.958255112 480.722869873
0.999960065 -0.005988635 0.006638088 -2.036059856 0.007667555 0.956294239 -0.292305619 -57.791606903 -0.004597454 0.292344838 0.956301928 482.454040527
0.999963284 -0.005573152 0.006508748 -2.045128584 0.007266103 0.954114974 -0.299352378 -58.348560333 -0.004541758 0.299388677 0.954120457 484.191162109
0.999960124 -0.005035104 0.007377750 -2.056367159 0.007054900 0.951805174 -0.306622118 -58.934055328 -0.005478306 0.306661934 0.951802731 485.913513184
0.999968588 -0.005175239 0.006000728 -2.049812794 0.006804261 0.948899031 -0.315506399 -59.542106628 -0.004061264 0.315537333 0.948904455 487.660736084
0.999981821 -0.004988276 0.003393168 -2.043060541 0.005821874 0.945368469 -0.325951785 -60.125144958 -0.001581857 0.325965613 0.945380330 489.436248779
0.999984562 -0.004845590 0.002709478 -2.065341473 0.005474370 0.941809237 -0.336103231 -60.764717102 -0.000923193 0.336112887 0.941821277 491.185119629
0.999980986 -0.004647655 0.004049931 -2.084332228 0.005764142 0.937860906 -0.346963555 -61.415134430 -0.002185705 0.346980304 0.937869847 492.852966309
0.999982297 -0.003410746 0.004871821 -2.086397171 0.004929088 0.933682084 -0.358069152 -62.072628021 -0.003327450 0.358086854 0.933682382 494.535400391
0.999971628 -0.003979097 0.006395788 -2.082498550 0.006061666 0.929142356 -0.369672567 -62.782905579 -0.004471635 0.369700819 0.929140091 496.176635742
0.999969542 -0.003786739 0.006826694 -2.099885464 0.006113710 0.923650563 -0.383186996 -63.491958618 -0.004854450 0.383217037 0.923645556 497.846252441
0.999959350 -0.004249361 0.007951600 -2.101651192 0.007058566 0.917687654 -0.397239864 -64.214668274 -0.005609069 0.397279859 0.917680383 499.515930176
0.999953747 -0.004443071 0.008529431 -2.091089487 0.007557940 0.911488354 -0.411256433 -64.974845886 -0.005947236 0.411301851 0.911479771 501.154785156
0.999932051 -0.005820908 0.010098498 -2.084908724 0.009572090 0.904450655 -0.426470876 -65.757690430 -0.006651146 0.426538587 0.904444933 502.765350342
0.999931157 -0.005456379 0.010389433 -2.080016136 0.009492103 0.896635473 -0.442667723 -66.586418152 -0.006900172 0.442735851 0.896625519 504.397796631
0.999936938 -0.005155291 0.009977692 -2.080169678 0.009171674 0.887579083 -0.460564137 -67.403915405 -0.006481648 0.460626602 0.887570381 506.045806885
0.999934316 -0.004990474 0.010315270 -2.073179960 0.009311739 0.878507793 -0.477637291 -68.323638916 -0.006678409 0.477701962 0.878496587 507.590484619
0.999932408 -0.004448450 0.010741654 -2.068094492 0.009185664 0.868642032 -0.495355099 -69.255241394 -0.007127090 0.495420307 0.868624210 509.160125732
0.999922454 -0.004200964 0.011721697 -2.063749790 0.009615438 0.858618140 -0.512525558 -70.228050232 -0.007911360 0.512598515 0.858591974 510.677276611
0.999902487 -0.004901285 0.013075891 -2.059112072 0.011103104 0.846931040 -0.531586826 -71.203636169 -0.008468919 0.531680167 0.846902847 512.193847656
0.999888241 -0.004348482 0.014303616 -2.043543339 0.011509200 0.834533513 -0.550836921 -72.253837585 -0.009541544 0.550940037 0.834490299 513.697326660
0.999881625 -0.003821240 0.014904197 -2.027788162 0.011634145 0.821676195 -0.569835842 -73.317123413 -0.010068946 0.569941819 0.821623385 515.158752441
0.999875844 -0.001969026 0.015635395 -2.019472122 0.010807880 0.807742417 -0.589436471 -74.408752441 -0.011468756 0.589532316 0.807663381 516.592285156
0.999864936 -0.000712216 0.016421031 -2.001349211 0.010554181 0.793704510 -0.608211935 -75.572875977 -0.012600268 0.608303130 0.793604851 517.977661133
0.999844074 -0.000150691 0.017656881 -1.988208413 0.011207666 0.778126240 -0.628008008 -76.757881165 -0.013644647 0.628108025 0.778006554 519.334777832
0.999837101 0.001130041 0.018014515 -1.977625608 0.010790816 0.762627184 -0.646748304 -77.948219299 -0.014469211 0.646837354 0.762490749 520.682739258
0.999828219 0.001553791 0.018470339 -1.953897715 0.011131864 0.746424496 -0.665377021 -79.204719543 -0.014820571 0.665468335 0.746279001 521.986999512
0.999823213 0.002539112 0.018631414 -1.929262638 0.010882403 0.729908228 -0.683458567 -80.469039917 -0.015334602 0.683540463 0.729751587 523.254028320
0.999797583 0.002990157 0.019896472 -1.912162900 0.011836914 0.712232947 -0.701843441 -81.771286011 -0.016269544 0.701936901 0.712053359 524.521545410
0.999780893 0.004634333 0.020413188 -1.891809583 0.011493970 0.693482816 -0.720381498 -83.124275208 -0.017494684 0.720458269 0.693277597 525.751953125
0.999761581 0.005077933 0.021237150 -1.865945101 0.012240407 0.675077319 -0.737645447 -84.499000549 -0.018082432 0.737729490 0.674854279 526.913879395
0.999723136 0.007382281 0.022342486 -1.847236514 0.012048995 0.654978633 -0.755551398 -85.911811829 -0.020211542 0.755611360 0.654708266 528.076110840
0.999673605 0.009718950 0.023627067 -1.824105501 0.012053561 0.635987818 -0.771605015 -87.347099304 -0.022525718 0.771637917 0.635663092 529.196044922
0.999632120 0.010354388 0.025068868 -1.796340704 0.013372677 0.615966499 -0.787658930 -88.787185669 -0.023597308 0.787704349 0.615601420 530.261352539
0.999587715 0.012018173 0.026076913 -1.759306908 0.013797495 0.595414042 -0.803300500 -90.255187988 -0.025180764 0.803329110 0.595002770 531.290649414
0.999551713 0.012815174 0.027058978 -1.733305573 0.014785431 0.574599445 -0.818301141 -91.759841919 -0.026034746 0.818334401 0.574152350 532.274414062
0.999482691 0.014693655 0.028608836 -1.696768403 0.015690744 0.553709149 -0.832562327 -93.278907776 -0.028074358 0.832580566 0.553192139 533.206176758
0.999398112 0.017469438 0.029970281 -1.656014442 0.016083712 0.532132566 -0.846508205 -94.839950562 -0.030736186 0.846480787 0.531531334 534.158874512
0.999326766 0.020151895 0.030657865 -1.615798473 0.016084444 0.510402083 -0.859785497 -96.423339844 -0.032974146 0.859699786 0.509734392 535.003662109
0.999263287 0.021413662 0.031848382 -1.586659074 0.017382916 0.487315655 -0.873052895 -98.023277283 -0.034215476 0.872963369 0.486584425 535.826110840
0.999185681 0.023463432 0.032823775 -1.538309097 0.018155321 0.465051353 -0.885097563 -99.629325867 -0.036032166 0.884972751 0.464246690 536.633728027
0.999177158 0.023438102 0.033101358 -1.494522572 0.019333376 0.442211509 -0.896702468 -101.296005249 -0.035654806 0.896604598 0.441394508 537.411499023
0.999144852 0.023934472 0.033715811 -1.440859914 0.020565167 0.419746876 -0.907408237 -102.926071167 -0.035870444 0.907325625 0.418895721 538.119873047
0.999119937 0.023487488 0.034751300 -1.410695910 0.022593470 0.396678209 -0.917679667 -104.583755493 -0.035339076 0.917657256 0.395798445 538.782836914
0.999073565 0.023428190 0.036098760 -1.362198234 0.024813108 0.371753633 -0.927999794 -106.275802612 -0.035161201 0.928035796 0.370827913 539.417358398
0.999047458 0.021973420 0.037700918 -1.308293700 0.027739443 0.347142160 -0.937402189 -107.965362549 -0.033685509 0.937555015 0.346201956 539.988952637
0.999012768 0.021966947 0.038612455 -1.247021675 0.029482024 0.322340071 -0.946164668 -109.688293457 -0.033230692 0.946368992 0.321374178 540.543762207
0.998980522 0.022192825 0.039310869 -1.185808659 0.030934773 0.297663450 -0.954169631 -111.426788330 -0.032877129 0.954412937 0.296673477 541.041320801
0.998933136 0.022737917 0.040194504 -1.130517006 0.032457069 0.273461759 -0.961335123 -113.165641785 -0.032850415 0.961614072 0.272431970 541.479736328
0.998896301 0.023737745 0.040529639 -1.073898196 0.033399001 0.247737706 -0.968251407 -114.926010132 -0.033024825 0.968536437 0.246671438 541.884704590
0.998856008 0.024655908 0.040972121 -1.016304255 0.034485113 0.222160697 -0.974400043 -116.690361023 -0.033127114 0.974698305 0.221056283 542.234191895
0.998811483 0.025328094 0.041643225 -0.953462541 0.035897944 0.195659637 -0.980014741 -118.457511902 -0.032969803 0.980344832 0.194517851 542.541687012
0.998703480 0.026253005 0.043613829 -0.914656997 0.038557656 0.169271231 -0.984815061 -120.254669189 -0.033236928 0.985219896 0.168039501 542.821289062
0.998671949 0.026857335 0.043966625 -0.845380008 0.039670359 0.143647611 -0.988833487 -122.039550781 -0.032873135 0.989264429 0.142391384 543.015625000
0.998680592 0.027213354 0.043549225 -0.763123631 0.040041555 0.118305624 -0.992169678 -123.808044434 -0.032152385 0.992604315 0.117059886 543.220703125
0.998655438 0.026908034 0.044309177 -0.707307041 0.041670676 0.091755509 -0.994909346 -125.604736328 -0.030836666 0.995418012 0.090510845 543.332275391
0.998538792 0.029050773 0.045567282 -0.659311414 0.043588646 0.065445185 -0.996903718 -127.424728394 -0.031942986 0.997433245 0.064083278 543.421630859
0.998508751 0.029227037 0.046108928 -0.575289071 0.044942733 0.039375544 -0.998213291 -129.205917358 -0.030990381 0.998796940 0.038003266 543.443237305
0.998447835 0.030536719 0.046576779 -0.521330118 0.046183296 0.013467133 -0.998842239 -131.009933472 -0.031128617 0.999442935 0.012035966 543.435058594
0.998449981 0.031421419 0.045937918 -0.455770224 0.046350222 -0.012521267 -0.998846769 -132.790756226 -0.030809982 0.999427795 -0.013958216 543.361267090
0.998405874 0.032290634 0.046292357 -0.379660726 0.047515463 -0.038199067 -0.998139918 -134.542694092 -0.030462243 0.998748362 -0.039672494 543.277770996
0.998313725 0.033604536 0.047332913 -0.317216992 0.049413074 -0.064036727 -0.996723533 -136.331832886 -0.030463388 0.997381687 -0.065589190 543.109680176
0.998367131 0.034319405 0.045665193 -0.249129280 0.048590485 -0.089890242 -0.994765759 -138.118698120 -0.030034918 0.995360255 -0.091411114 542.930847168
0.998407722 0.034270015 0.044806041 -0.164521351 0.048475508 -0.115052462 -0.992176056 -139.856231689 -0.028846843 0.992768288 -0.116530538 542.695251465
0.998323917 0.034920089 0.046150770 -0.119636193 0.050614685 -0.140159607 -0.988834381 -141.634780884 -0.028061714 0.989512920 -0.141692162 542.404296875
0.998341501 0.034726873 0.045916580 -0.060929988 0.051068567 -0.166016340 -0.984799802 -143.400131226 -0.026576117 0.985511363 -0.167514443 542.048400879
0.998297572 0.035525024 0.046258900 0.015655372 0.052207828 -0.190648198 -0.980269253 -145.146102905 -0.026004914 0.981015503 -0.192178249 541.673400879
0.998337924 0.035242543 0.045600008 0.087289743 0.052148879 -0.215595365 -0.975089431 -146.854934692 -0.024533484 0.975846767 -0.217074871 541.245056152
0.998340547 0.036189646 0.044794053 0.153361678 0.052219912 -0.241030812 -0.969111621 -148.609252930 -0.024275057 0.969842494 -0.242520571 540.774047852
0.998336434 0.036737632 0.044438384 0.211303547 0.052625302 -0.265673995 -0.962625682 -150.313278198 -0.023558466 0.963362873 -0.267165422 540.269104004
0.998344481 0.037115805 0.043940268 0.278735638 0.052845784 -0.290288925 -0.955478907 -152.017730713 -0.022707999 0.956219077 -0.291769743 539.721435547
0.998378873 0.037288859 0.043002449 0.349503130 0.052582011 -0.315008402 -0.947631180 -153.704437256 -0.021789951 0.948356092 -0.316458464 539.119018555
0.998300612 0.038568392 0.043684557 0.383622110 0.054190293 -0.338733196 -0.939320683 -155.370910645 -0.021430679 0.940091729 -0.340247631 538.490844727
0.998269618 0.039025024 0.043985970 0.449850887 0.055155441 -0.362092137 -0.930509031 -157.016494751 -0.020386167 0.931325018 -0.363618016 537.816772461
0.998237431 0.039571788 0.044227339 0.516342580 0.056076687 -0.384999275 -0.921211958 -158.653732300 -0.019426510 0.922068357 -0.386539817 537.094360352
0.998236358 0.039609514 0.044217803 0.586764574 0.056548260 -0.407763243 -0.911334991 -160.244079590 -0.018067144 0.912228227 -0.409283876 536.348815918
0.998199821 0.041049797 0.043726820 0.640339732 0.057147298 -0.429719806 -0.901152253 -161.861953735 -0.018201843 0.902028918 -0.431292057 535.533020020
0.998251557 0.041484676 0.042104539 0.719049275 0.056327321 -0.451737523 -0.890371144 -163.430877686 -0.017916564 0.891186059 -0.453284502 534.695007324
0.998215139 0.042052492 0.042403862 0.778469563 0.057276003 -0.473079324 -0.879156053 -164.991363525 -0.016910313 0.880015671 -0.474643588 533.816650391
0.998158336 0.042783625 0.043006420 0.832128406 0.058551319 -0.494044542 -0.867462814 -166.543045044 -0.015866119 0.868383348 -0.495639682 532.891540527
0.998225749 0.042505953 0.041696105 0.901514232 0.057640415 -0.514253020 -0.855699480 -167.999572754 -0.014929969 0.856584609 -0.515790701 531.984313965
0.998206317 0.043082558 0.041569393 1.000884414 0.058516838 -0.555472255 -0.829473495 -170.984649658 -0.012645193 0.830418229 -0.556996942 529.942749023
0.998176873 0.044156369 0.041147608 1.068376422 0.059084076 -0.575613976 -0.815584362 -172.425765991 -0.012328108 0.816528618 -0.577173471 528.896362305
0.998151720 0.044936791 0.040912762 1.124574900 0.059629589 -0.594312906 -0.802020192 -173.827224731 -0.011725228 0.802977443 -0.595893979 527.818908691
0.998097897 0.045351945 0.041759048 1.176660538 0.060816050 -0.613343000 -0.787471652 -175.200668335 -0.010100752 0.788513422 -0.614934444 526.700134277
0.998093724 0.046276521 0.040833998 1.240877986 0.060902122 -0.631385803 -0.773073852 -176.550842285 -0.009993161 0.774087012 -0.633000493 525.553283691
0.998089373 0.047241978 0.039822776 1.289064765 0.060980432 -0.649353862 -0.758037746 -177.884918213 -0.009952132 0.759017766 -0.650993943 524.370178223
0.998073518 0.047040794 0.040452436 1.346051812 0.061522890 -0.666226149 -0.743207872 -179.173980713 -0.008010620 0.744264901 -0.667836785 523.158264160
0.997976780 0.048489716 0.041123033 1.392050505 0.063171439 -0.683069110 -0.727616727 -180.463104248 -0.007192060 0.728742421 -0.684750199 521.912719727
0.997969091 0.049120862 0.040557235 1.452581644 0.063364305 -0.700172424 -0.711156547 -181.733535767 -0.006535565 0.712282121 -0.701862931 520.634826660
0.998002768 0.048632227 0.040315561 1.516333818 0.062972806 -0.715551376 -0.695715964 -182.881408691 -0.004986359 0.696865261 -0.717184782 519.394592285
0.997959793 0.049452197 0.040382266 1.568980575 0.063720234 -0.731863737 -0.678465664 -184.109268188 -0.003997313 0.679654658 -0.733521700 518.031860352
0.997991920 0.049849924 0.039077558 1.622929573 0.063229620 -0.747495174 -0.661251247 -185.278839111 -0.003753042 0.662394226 -0.749146104 516.678649902
0.997968078 0.051370531 0.037692565 1.669931293 0.063564837 -0.762054682 -0.644385278 -186.400726318 -0.004378621 0.645471871 -0.763771653 515.299194336
0.997937024 0.052289840 0.037249353 1.731613278 0.064083427 -0.776240349 -0.627171636 -187.470352173 -0.003880259 0.628264904 -0.777989864 513.920104980
0.997967184 0.052656889 0.035899863 1.835924983 0.063688345 -0.803592324 -0.591762900 -189.561798096 -0.002311546 0.592846394 -0.805312395 511.042602539
0.997936547 0.053628936 0.035307728 1.888407230 0.064178683 -0.816442847 -0.573848724 -190.548324585 -0.001948154 0.574930549 -0.818199992 509.590545654
0.997911096 0.054338150 0.034940485 1.931533098 0.064591303 -0.829184651 -0.555230796 -191.495849609 -0.001198102 0.556327760 -0.830962420 508.117889404
0.997825801 0.056144103 0.034518100 1.966986895 0.065898046 -0.841554880 -0.536137104 -192.439697266 -0.001052063 0.537246108 -0.843424916 506.589172363
0.997792959 0.057538684 0.033144265 2.014420271 0.066387966 -0.854114294 -0.515830994 -193.412002563 -0.001371248 0.516892910 -0.856049061 504.945739746
0.997756839 0.058542162 0.032466225 2.053724289 0.066935703 -0.865787625 -0.495915115 -194.301666260 -0.000923090 0.496975839 -0.867764115 503.366363525
0.997713923 0.059739403 0.031593490 2.095540762 0.067573585 -0.875885248 -0.477764398 -195.087585449 -0.000869083 0.478807062 -0.877919793 501.861938477
0.997849703 0.057926230 0.030668497 2.147897005 0.065541029 -0.886231065 -0.458583713 -195.867889404 0.000615347 0.459607661 -0.888121963 500.267211914
0.997833550 0.058683388 0.029740639 2.171073914 0.065782741 -0.896397710 -0.438342512 -196.641281128 0.000936014 0.439349294 -0.898316026 498.652893066
0.997875869 0.058807690 0.028025020 2.212209702 0.065140001 -0.905551672 -0.419205278 -197.342391968 0.000725610 0.420140356 -0.907458901 497.070404053
0.997790277 0.060571805 0.027306706 2.248667479 0.066438094 -0.914275408 -0.399608254 -198.025405884 0.000760852 0.400539458 -0.916279435 495.418212891
0.997810245 0.059955288 0.027929425 2.261035919 0.066074595 -0.922551513 -0.380175173 -198.662948608 0.002972820 0.381188095 -0.924492836 493.788146973
0.997801840 0.060512710 0.027012728 2.299512625 0.066185541 -0.930359006 -0.360626996 -199.261367798 0.003309014 0.361622155 -0.932319045 492.109924316
0.997805178 0.060706034 0.026448920 2.326822996 0.066084906 -0.938193440 -0.339743942 -199.850296021 0.004189693 0.340746135 -0.940145969 490.403778076
0.997788906 0.061621007 0.024902290 2.351469278 0.066349104 -0.945408106 -0.319063693 -200.382873535 0.003881797 0.320010453 -0.947406292 488.685089111
0.997893393 0.060576480 0.023222109 2.373607397 0.064751297 -0.952097058 -0.298861861 -200.898895264 0.004005702 0.299735963 -0.954013824 486.977783203
0.997916818 0.060581706 0.022178734 2.417622805 0.064361855 -0.958471417 -0.277831167 -201.373733521 0.004426194 0.278679878 -0.960373878 485.252227783
0.997968435 0.059730858 0.022164036 2.425761700 0.063431792 -0.964040756 -0.258073360 -201.799057007 0.005952091 0.258954972 -0.965871096 483.548187256
0.997947752 0.060482435 0.021026891 2.458311796 0.063749596 -0.969307065 -0.237444952 -202.208877563 0.006020263 0.238298103 -0.971173525 481.803863525
0.997962713 0.060630377 0.019857708 2.489099741 0.063498735 -0.974106193 -0.216990963 -202.570678711 0.006187273 0.217809841 -0.975971580 480.065093994
0.997918010 0.061562378 0.019229230 2.503718615 0.064147271 -0.978334546 -0.196842298 -202.873809814 0.006694539 0.197665974 -0.980246782 478.309173584
0.997873008 0.062538460 0.018396888 2.509893894 0.064805359 -0.982230544 -0.176134586 -203.155700684 0.007054800 0.176952153 -0.984194160 476.510437012
0.997838318 0.063551493 0.016731251 2.535426140 0.065385781 -0.985623598 -0.155791298 -203.369079590 0.006589945 0.156548515 -0.987648368 474.732391357
0.997857928 0.063322276 0.016425602 2.531880856 0.064970747 -0.988597512 -0.135845825 -203.582336426 0.007636240 0.136622027 -0.990593910 472.974975586
0.997929096 0.062418722 0.015536061 2.546590328 0.063797213 -0.991288781 -0.115223639 -203.782333374 0.008208610 0.115976177 -0.993218064 471.168334961
0.997997165 0.061793420 0.013535597 2.569753408 0.062809899 -0.993407488 -0.095900506 -203.909133911 0.007520341 0.096558601 -0.995299101 469.407806396
0.998043001 0.061092433 0.013336710 2.567090273 0.061928149 -0.995224714 -0.075450771 -204.029342651 0.008663551 0.076129027 -0.997060418 467.613250732
0.998026788 0.061239384 0.013865577 2.553706408 0.061910242 -0.996584058 -0.054660190 -204.090896606 0.010470854 0.055410754 -0.998408914 465.807220459
0.998191714 0.059056543 0.011209662 2.589028120 0.059412412 -0.997632623 -0.034635808 -204.125900269 0.009137652 0.035239171 -0.999337196 464.045318604
0.998280644 0.057691142 0.010366268 2.589270830 0.057839341 -0.998219013 -0.014615686 -204.144119263 0.009504609 0.015190135 -0.999839544 462.263702393
0.998258352 0.058222439 0.009509183 2.597593069 0.058170807 -0.998290896 0.005619369 -204.126205444 0.009820104 -0.005056425 -0.999939084 460.501281738
0.998292923 0.057601307 0.009657831 2.578855038 0.057337340 -0.998024583 0.025683641 -204.042938232 0.011118163 -0.025086045 -0.999623656 458.708618164
0.998372555 0.056272328 0.009255928 2.580738068 0.055796720 -0.997407913 0.045435335 -203.917617798 0.011788688 -0.044844944 -0.998924494 456.922424316
0.998461008 0.054893244 0.007892841 2.597335815 0.054264147 -0.996394992 0.065212473 -203.807052612 0.011444109 -0.064683810 -0.997840285 455.156372070
0.998530388 0.053772826 0.006751983 2.606186628 0.053013276 -0.995021939 0.084386036 -203.607192993 0.011256048 -0.083904073 -0.996410251 453.368988037
0.998579144 0.052958604 0.005924044 2.593962908 0.052066442 -0.993298769 0.103182375 -203.386611938 0.011348741 -0.102727324 -0.994644761 451.589782715
0.998613000 0.052392360 0.005203638 2.579261303 0.051368702 -0.991210580 0.121914297 -203.136505127 0.011545278 -0.121477902 -0.992527127 449.827697754
0.998595238 0.052809846 0.004317062 2.572283268 0.051679160 -0.988711715 0.140637085 -202.875473022 0.011695351 -0.140216425 -0.990051985 448.060516357
0.998650849 0.051708445 0.004766667 2.554530144 0.050296560 -0.986024499 0.158827871 -202.567199707 0.012912791 -0.158373833 -0.987294912 446.306365967
0.998723567 0.050110344 0.006336350 2.545743704 0.048205439 -0.983093977 0.176642179 -202.242996216 0.015080826 -0.176111251 -0.984254718 444.634674072
0.998735428 0.049917683 0.005978369 2.541688919 0.047798835 -0.979674578 0.194816262 -201.884704590 0.015581630 -0.194284141 -0.980821729 442.872802734
0.998846233 0.047768373 0.004932605 2.527762651 0.045620125 -0.975941777 0.213205397 -201.462493896 0.014998410 -0.212734401 -0.976994991 441.129760742
0.998843312 0.047869410 0.004534089 2.528019190 0.045529034 -0.971888661 0.230997279 -201.041809082 0.015464332 -0.230523661 -0.972944021 439.392364502
0.998881817 0.047064841 0.004470209 2.496889353 0.044493191 -0.967825174 0.247659206 -200.565765381 0.015982421 -0.247183383 -0.968837023 437.662597656
0.998991966 0.044736508 0.003694178 2.493008852 0.042181838 -0.963711500 0.263592869 -200.075347900 0.015352344 -0.263171345 -0.964627147 435.955932617
0.999076307 0.042831924 0.003452559 2.487752914 0.040166084 -0.959398389 0.279180527 -199.537094116 0.015270216 -0.278783977 -0.960232615 434.259155273
0.999134839 0.041442767 0.003475525 2.477409840 0.038593590 -0.955084562 0.293809891 -199.023193359 0.015495715 -0.293421566 -0.955857635 432.569244385
0.999243259 0.038745560 0.003422479 2.469615221 0.035811014 -0.950755954 0.307864726 -198.446945190 0.015182334 -0.307509184 -0.951424003 430.893524170
0.999296963 0.037348598 0.003258047 2.478682280 0.034308419 -0.946058512 0.322174221 -197.857177734 0.015115059 -0.321835965 -0.946674824 429.228363037
0.999297798 0.037317775 0.003368209 2.451551914 0.034009695 -0.941082239 0.336463511 -197.235031128 0.015725829 -0.336112678 -0.941690564 427.550292969
0.999273419 0.038007129 0.002843495 2.440671206 0.034600411 -0.935926795 0.350490957 -196.591995239 0.015982457 -0.350137919 -0.936561823 425.882812500
0.999243975 0.038721144 0.003479064 2.423372507 0.034819722 -0.931170940 0.362916291 -195.920043945 0.017292138 -0.362520814 -0.931815147 424.231994629
0.999259591 0.038256995 0.004079538 2.416571140 0.033941142 -0.926495075 0.374773353 -195.231658936 0.018117374 -0.374357432 -0.927107692 422.586730957
0.999274790 0.037939031 0.003247064 2.416422129 0.033743631 -0.921821237 0.386144161 -194.528915405 0.017643146 -0.385754526 -0.922432899 420.956756592
0.999286473 0.037676137 0.002648419 2.398279905 0.033523079 -0.917064548 0.397327065 -193.796005249 0.017398519 -0.396954775 -0.917673230 419.341278076
0.999288559 0.037663594 0.001961946 2.386715174 0.033591174 -0.912479162 0.407741845 -193.032882690 0.017147258 -0.407385826 -0.913095236 417.699035645
0.999323368 0.036739781 0.001725054 2.388923407 0.032668360 -0.908174992 0.417314380 -192.270431519 0.016898688 -0.416975647 -0.908760786 416.104614258
0.999322057 0.036776289 0.001700281 2.356533289 0.032540180 -0.903930068 0.426440954 -191.475082397 0.017219851 -0.426096559 -0.904514074 414.477172852
0.999336600 0.036389273 0.001479403 2.341190815 0.032125678 -0.899927020 0.434855551 -190.675003052 0.017155431 -0.434519559 -0.900499105 412.876800537
0.999357879 0.035794880 0.001603104 2.339298010 0.031361450 -0.895466924 0.444022238 -189.891189575 0.017329250 -0.443686843 -0.896014452 411.329406738
0.999367177 0.035481028 0.002514663 2.313077688 0.030508615 -0.891366005 0.452256531 -189.048858643 0.018288013 -0.451893598 -0.891884446 409.726745605
0.999406159 0.034396011 0.002054690 2.313538074 0.029604729 -0.887644768 0.459576458 -188.191238403 0.017631432 -0.459242731 -0.888135910 408.126647949
0.999421597 0.033973441 0.001494619 2.301951408 0.029365301 -0.884356737 0.465887219 -187.352325439 0.017149568 -0.465573877 -0.884842873 406.570648193
0.999464273 0.032725234 0.000525717 2.287294388 0.028592955 -0.880851030 0.472529411 -186.491638184 0.015926713 -0.472261250 -0.881314754 404.998443604
0.999471009 0.032513380 -0.000735225 2.269142628 0.028893160 -0.877353430 0.478974342 -185.610977173 0.014928022 -0.478742242 -0.877828717 403.418243408
0.999477565 0.032316241 -0.000485701 2.247509956 0.028490666 -0.873865724 0.485331893 -184.722167969 0.015259665 -0.485092163 -0.874329925 401.859466553
0.999507606 0.031374462 -0.000442582 2.245533705 0.027561801 -0.871130228 0.490278006 -183.824630737 0.014996660 -0.490048766 -0.871566057 400.322204590
0.999540448 0.030297084 -0.000965281 2.217196465 0.026799871 -0.868386745 0.495162874 -182.926025391 0.014163755 -0.494961232 -0.868799567 398.768249512
0.999561608 0.029556479 -0.001747250 2.193365812 0.026469555 -0.865606546 0.500024557 -182.023300171 0.013266535 -0.499851614 -0.866009474 397.192443848
0.999617398 0.027478265 -0.003157430 2.182759523 0.025303995 -0.862430930 0.505542219 -181.098861694 0.011168357 -0.505428731 -0.862796307 395.636383057
0.999603868 0.027991513 -0.002932632 2.150634766 0.025573233 -0.859816909 0.509961963 -180.171279907 0.011753080 -0.509834886 -0.860192060 394.104980469