0.999999821 0.000350411 -0.000465445 0.003714648 -0.000350454 0.999999940 -0.000092356 -0.003035077 0.000465413 0.000092519 0.999999881 -0.005959359
0.999999762 -0.000534750 0.000410902 -0.008422551 0.000534697 0.999999821 0.000129041 -0.008251364 -0.000410971 -0.000128821 0.999999881 -0.004403961
0.999999881 -0.000331732 0.000403552 -0.005487230 0.000331669 0.999999940 0.000157445 0.003217438 -0.000403605 -0.000157311 0.999999881 0.003272665
1.000000000 -0.000028041 0.000004422 -0.000884243 0.000028040 1.000000000 0.000214728 0.004568127 -0.000004428 -0.000214728 1.000000000 0.005153962
1.000000000 0.000061351 -0.000114211 0.000991992 -0.000061374 1.000000000 -0.000202469 0.007412871 0.000114198 0.000202476 1.000000000 0.000365208
0.999999881 0.000182555 -0.000434285 0.005077932 -0.000182510 1.000000000 0.000104120 -0.013489906 0.000434304 -0.000104041 0.999999881 -0.008394873
0.999999881 -0.000005162 -0.000462917 0.009598605 0.000005221 1.000000000 0.000126681 -0.025159534 0.000462917 -0.000126683 0.999999881 -0.011087621
0.999999940 -0.000360253 -0.000142452 0.003731765 0.000360255 0.999999940 0.000014951 -0.019699214 0.000142447 -0.000015002 1.000000000 -0.008711662
0.999999881 -0.000416915 0.000134284 -0.001987581 0.000416893 0.999999881 0.000161097 -0.022627011 -0.000134352 -0.000161041 1.000000000 -0.009838843
0.999999821 -0.000426923 0.000423182 -0.007723468 0.000426873 0.999999881 0.000120315 -0.011572405 -0.000423233 -0.000120135 0.999999881 -0.004450378
0.999999821 -0.000339451 0.000465859 -0.009995002 0.000339385 0.999999940 0.000142263 -0.005327527 -0.000465907 -0.000142105 0.999999881 -0.002408637
0.999999881 -0.000281271 0.000386047 -0.008002922 0.000281229 0.999999940 0.000108181 -0.011384308 -0.000386078 -0.000108073 0.999999940 -0.004445474
1.000000000 -0.000005310 0.000063179 -0.002780448 0.000005311 1.000000000 -0.000019667 0.002514510 -0.000063179 0.000019668 1.000000000 -0.000864565
0.999999940 0.000069901 -0.000270665 0.003829215 -0.000069910 1.000000000 -0.000031655 -0.007179718 0.000270662 0.000031674 0.999999940 -0.004368019
0.999999523 0.000401564 -0.000863203 0.010217026 -0.000401610 0.999999940 -0.000054129 -0.013681183 0.000863181 0.000054476 0.999999642 -0.012024460
0.999999821 -0.000597115 0.000103528 0.002740454 0.000597096 0.999999821 0.000179805 -0.024976484 -0.000103635 -0.000179743 1.000000000 -0.009424705
0.999999762 -0.000595106 0.000351690 -0.006920529 0.000595022 0.999999821 0.000237611 -0.018175891 -0.000351832 -0.000237402 0.999999881 -0.005266170
0.999999702 -0.000582105 0.000536275 -0.008725377 0.000582006 0.999999821 0.000186354 -0.005674992 -0.000536383 -0.000186042 0.999999821 0.000848821
0.999999821 -0.000357180 0.000455312 -0.008934768 0.000357137 0.999999940 0.000093775 0.002488170 -0.000455346 -0.000093612 0.999999881 0.001367410
0.999999940 -0.000200572 0.000319783 -0.006142047 0.000200605 1.000000000 -0.000100413 0.004517481 -0.000319763 0.000100477 0.999999940 -0.000169889
0.999999940 0.000197821 -0.000196474 0.000422039 -0.000197872 0.999999940 -0.000257898 0.002233619 0.000196423 0.000257937 0.999999940 -0.005591294
0.999999940 0.000153359 -0.000311020 0.003982120 -0.000153377 1.000000000 -0.000058301 -0.007666671 0.000311011 0.000058349 0.999999940 -0.005959413
0.999999940 -0.000079379 -0.000381012 0.008021357 0.000079361 1.000000000 -0.000046984 -0.015307398 0.000381016 0.000046954 0.999999940 -0.007445248
0.999999940 -0.000016710 -0.000309936 0.002205300 0.000016696 1.000000000 -0.000044807 -0.012067591 0.000309936 0.000044802 0.999999940 -0.007507160
0.999999762 -0.000565606 0.000311983 -0.003444005 0.000565616 0.999999821 -0.000033953 -0.009705813 -0.000311964 0.000034129 0.999999940 -0.004835250
0.999999702 -0.000506514 0.000540248 -0.010941752 0.000506514 0.999999881 0.000000254 -0.005077296 -0.000540248 0.000000019 0.999999881 -0.002516673
0.999999821 -0.000353599 0.000498669 -0.009744000 0.000353541 0.999999940 0.000117010 -0.000895741 -0.000498710 -0.000116833 0.999999881 0.000512628
1.000000000 -0.000070524 0.000206144 -0.005315694 0.000070521 1.000000000 0.000010950 0.010957169 -0.000206145 -0.000010935 1.000000000 0.004018032
1.000000000 -0.000043716 -0.000156157 0.005449938 0.000043725 1.000000000 0.000056775 0.000660751 0.000156155 -0.000056782 1.000000000 0.001685773
0.999999940 0.000042838 -0.000363102 0.007166531 -0.000042872 1.000000000 -0.000094767 0.000833650 0.000363097 0.000094782 0.999999940 -0.002067904
0.999999821 0.000133672 -0.000545053 0.009727149 -0.000133663 1.000000000 0.000017770 -0.016062791 0.000545055 -0.000017697 0.999999881 -0.009098595
0.999999940 -0.000278478 -0.000088073 0.001722352 0.000278491 0.999999940 0.000139606 -0.018094147 0.000088034 -0.000139631 1.000000000 -0.007798390
0.999999881 -0.000390885 0.000366979 -0.006258172 0.000390797 0.999999881 0.000241529 -0.004701101 -0.000367073 -0.000241386 0.999999881 0.000533818
0.999999881 -0.000278554 0.000437392 -0.007487600 0.000278485 0.999999940 0.000157337 -0.011874049 -0.000437436 -0.000157216 0.999999881 -0.003833227
1.000000000 -0.000004584 0.000024304 -0.001164271 0.000004579 1.000000000 0.000182060 -0.005355079 -0.000024305 -0.000182060 1.000000000 -0.001501852
1.000000000 0.000082587 -0.000091673 0.000527024 -0.000082580 1.000000000 0.000073756 0.000018943 0.000091680 -0.000073749 1.000000000 0.001481730
0.999999940 0.000195158 -0.000204854 0.000704665 -0.000195169 1.000000000 -0.000054539 0.004202601 0.000204843 0.000054579 1.000000000 0.000652435
0.999999940 0.000098348 -0.000312542 0.005100319 -0.000098344 1.000000000 0.000011902 -0.010652486 0.000312543 -0.000011871 0.999999940 -0.006588606
0.999999762 0.000172137 -0.000681309 0.007393157 -0.000172129 1.000000000 0.000011563 -0.017566241 0.000681311 -0.000011446 0.999999762 -0.009853355
0.999999940 -0.000307139 -0.000043183 0.000987289 0.000307140 0.999999940 0.000007957 -0.021216284 0.000043180 -0.000007971 1.000000000 -0.012917908
0.999999762 -0.000550882 0.000396596 -0.004747640 0.000550830 0.999999821 0.000130591 -0.009282535 -0.000396668 -0.000130373 0.999999940 -0.002989881
0.999999702 -0.000457147 0.000644436 -0.009298695 0.000457029 0.999999881 0.000184372 -0.006569956 -0.000644520 -0.000184078 0.999999762 0.000764055
1.000000000 -0.000045630 0.000163890 -0.004839883 0.000045611 1.000000000 0.000115385 -0.006957598 -0.000163895 -0.000115377 1.000000000 -0.003319975
1.000000000 0.000066869 -0.000158639 0.000550235 -0.000066881 1.000000000 -0.000073211 0.007912879 0.000158635 0.000073222 1.000000000 0.000283001
0.999999881 0.000138014 -0.000458580 0.006402871 -0.000137974 1.000000000 0.000088390 -0.007238207 0.000458592 -0.000088326 0.999999881 -0.004716529
0.999999940 -0.000124923 -0.000330872 0.005581471 0.000124894 1.000000000 -0.000087157 -0.016423626 0.000330883 0.000087116 0.999999940 -0.011766668
0.999999821 -0.000526941 0.000157528 -0.000313241 0.000526938 0.999999881 0.000018592 -0.015328674 -0.000157538 -0.000018509 1.000000000 -0.007022908
0.999999881 -0.000403320 0.000307098 -0.005201946 0.000403214 0.999999881 0.000344439 -0.014780459 -0.000307237 -0.000344315 0.999999881 -0.002342820
0.999999881 -0.000214760 0.000395769 -0.009683212 0.000214716 1.000000000 0.000111003 0.003182950 -0.000395792 -0.000110918 0.999999940 0.002198832
1.000000000 -0.000001732 0.000080560 -0.002270723 0.000001733 1.000000000 -0.000004424 0.006323676 -0.000080560 0.000004425 1.000000000 0.003735656
1.000000000 0.000068731 -0.000220362 0.004842359 -0.000068715 1.000000000 0.000075227 -0.001440875 0.000220367 -0.000075212 1.000000000 0.000295210
0.999999881 0.000106037 -0.000508858 0.004960166 -0.000105958 1.000000000 0.000156287 -0.016143885 0.000508874 -0.000156233 0.999999881 -0.007266306
0.999999881 0.000027820 -0.000467507 0.006213691 -0.000027710 1.000000000 0.000235916 -0.023623604 0.000467514 -0.000235903 0.999999881 -0.010330590
0.999998689 -0.001344557 0.000926686 -0.008787473 0.001344531 0.999999106 0.000027789 -0.028314907 -0.000926723 -0.000026543 0.999999583 -0.008100330
0.999999940 -0.000375513 0.000082498 -0.003085901 0.000375518 0.999999940 -0.000058558 -0.009675297 -0.000082476 0.000058589 1.000000000 -0.006330972
0.999999821 -0.000480559 0.000331173 -0.006387399 0.000480501 0.999999881 0.000173649 -0.007395281 -0.000331256 -0.000173489 0.999999940 -0.000952522
0.999999821 -0.000358155 0.000437844 -0.009905887 0.000358168 0.999999940 -0.000028950 0.003635358 -0.000437834 0.000029106 0.999999881 0.000156978
0.999999940 -0.000162336 0.000340527 -0.007830364 0.000162350 1.000000000 -0.000039402 -0.000400470 -0.000340521 0.000039458 0.999999940 -0.000331940
1.000000000 -0.000047270 0.000111836 -0.005224936 0.000047268 1.000000000 0.000014495 -0.004314706 -0.000111837 -0.000014490 1.000000000 -0.003456525
1.000000000 0.000141630 -0.000169530 0.001658894 -0.000141646 1.000000000 -0.000094034 0.002626568 0.000169517 0.000094058 1.000000000 -0.002181666
0.999999940 0.000177505 -0.000367983 0.004385964 -0.000177554 1.000000000 -0.000132061 -0.005403214 0.000367960 0.000132126 0.999999940 -0.005619438
0.999999881 -0.000069179 -0.000426298 0.007112809 0.000069217 1.000000000 0.000088038 -0.017587341 0.000426292 -0.000088067 0.999999881 -0.008148747
0.999999940 -0.000379839 -0.000006656 0.001105451 0.000379840 0.999999940 0.000179566 -0.022957852 0.000006587 -0.000179569 1.000000000 -0.008317147
0.999999583 -0.000697393 0.000601959 -0.007395280 0.000697296 0.999999762 0.000161594 -0.016721524 -0.000602072 -0.000161174 0.999999821 -0.005108289
0.999999881 -0.000197687 0.000385630 -0.009357161 0.000197675 1.000000000 0.000031440 -0.004548285 -0.000385637 -0.000031364 0.999999940 -0.003008005
1.000000000 -0.000065563 0.000195365 -0.004293331 0.000065525 1.000000000 0.000196582 0.004323425 -0.000195378 -0.000196569 0.999999940 0.005267820
1.000000000 0.000119906 -0.000119906 -0.000484890 -0.000119920 1.000000000 -0.000114480 -0.000430798 0.000119892 0.000114495 1.000000000 -0.004517513
0.999999762 0.000368183 -0.000553950 0.006075476 -0.000368198 0.999999940 -0.000027410 -0.009904758 0.000553940 0.000027614 0.999999821 -0.009210791
0.999999881 0.000072712 -0.000449141 0.006994491 -0.000072716 1.000000000 -0.000007568 -0.029749224 0.000449140 0.000007600 0.999999881 -0.017611787
0.999999940 -0.000270877 -0.000043918 0.001230503 0.000270872 0.999999940 -0.000120135 -0.017698338 0.000043951 0.000120123 1.000000000 -0.011786413
0.999999166 -0.001047350 0.000760377 -0.008981609 0.001047413 0.999999464 -0.000083436 -0.016127940 -0.000760290 0.000084232 0.999999702 -0.006860746
0.999999762 -0.000437410 0.000505573 -0.010048781 0.000437322 0.999999881 0.000173057 -0.011203843 -0.000505648 -0.000172836 0.999999881 -0.003714854
0.999999940 -0.000149384 0.000283841 -0.006159378 0.000149378 1.000000000 0.000019784 0.004390169 -0.000283844 -0.000019741 0.999999940 0.001654968
1.000000000 0.000027029 0.000019452 -0.001999790 -0.000027029 1.000000000 0.000044286 0.003651513 -0.000019451 -0.000044287 1.000000000 0.001385753
0.999999881 0.000129753 -0.000486464 0.009235234 -0.000129804 1.000000000 -0.000104649 -0.002072828 0.000486450 0.000104712 0.999999881 -0.003120737
0.999999940 -0.000212890 -0.000235610 0.005493837 0.000212902 1.000000000 0.000050357 -0.009898620 0.000235600 -0.000050407 1.000000000 -0.002609570
0.999999940 -0.000151729 -0.000377381 0.006879303 0.000151779 1.000000000 0.000132712 -0.029369138 0.000377361 -0.000132769 0.999999940 -0.014164091
0.999999583 -0.000775053 0.000481434 -0.007043711 0.000775045 0.999999702 0.000018324 -0.013566921 -0.000481448 -0.000017951 0.999999881 -0.004148942
0.999999702 -0.000476552 0.000556935 -0.009869144 0.000476429 0.999999881 0.000221357 -0.008078487 -0.000557040 -0.000221092 0.999999821 -0.000157391
1.000000000 0.000194616 -0.000046106 -0.002307551 -0.000194615 1.000000000 0.000026189 0.005522294 0.000046111 -0.000026180 1.000000000 -0.000085907
0.999999940 0.000120048 -0.000364550 0.006043240 -0.000120053 1.000000000 -0.000013650 -0.009041398 0.000364548 0.000013694 0.999999940 -0.006279714
0.999999940 0.000084425 -0.000413105 0.004736269 -0.000084484 1.000000000 -0.000142648 -0.010145193 0.000413093 0.000142683 0.999999881 -0.006993120
0.999999166 0.000762670 -0.001064042 0.011514324 -0.000762777 0.999999702 -0.000100945 -0.010795911 0.001063965 0.000101756 0.999999404 -0.014930298
0.999999881 -0.000502751 0.000154446 -0.003254571 0.000502721 0.999999881 0.000191913 -0.013744365 -0.000154543 -0.000191835 0.999999940 -0.002874136
0.999999940 -0.000356628 0.000113868 -0.003550173 0.000356601 0.999999881 0.000240874 -0.022845160 -0.000113954 -0.000240834 0.999999940 -0.010738979
0.999999821 -0.000437222 0.000444526 -0.008026167 0.000437192 0.999999881 0.000069490 -0.004422185 -0.000444556 -0.000069295 0.999999881 -0.000766466
0.999999821 -0.000267426 0.000482806 -0.008348327 0.000267413 0.999999940 0.000028661 0.008037387 -0.000482813 -0.000028532 0.999999881 0.006415156
0.999999940 -0.000229546 0.000352450 -0.004551752 0.000229608 0.999999940 -0.000173711 0.006699612 -0.000352410 0.000173792 0.999999940 0.001176235
1.000000000 -0.000083952 0.000189977 -0.004391663 0.000083922 1.000000000 0.000157955 0.000914751 -0.000189991 -0.000157939 0.999999940 0.002541593
1.000000000 0.000062278 -0.000098137 0.001908694 -0.000062266 1.000000000 0.000124326 -0.002159648 0.000098145 -0.000124320 1.000000000 -0.001385028
0.999999940 0.000042723 -0.000386693 0.005775051 -0.000042721 1.000000000 0.000005112 -0.007820084 0.000386694 -0.000005096 0.999999940 -0.006286236
0.999999940 -0.000061563 -0.000359993 0.005722763 0.000061537 1.000000000 -0.000074101 -0.009089271 0.000359998 0.000074079 0.999999940 -0.005568713
0.999999940 -0.000386859 0.000101337 -0.002681512 0.000386858 0.999999940 0.000014134 -0.010645818 -0.000101342 -0.000014094 1.000000000 -0.004576282
0.999999583 -0.000565128 0.000680404 -0.012709428 0.000565087 0.999999821 0.000060792 0.003510405 -0.000680438 -0.000060407 0.999999762 0.005868561
0.999999940 -0.000161206 0.000236206 -0.005337350 0.000161182 1.000000000 0.000102636 -0.013924555 -0.000236223 -0.000102598 0.999999940 -0.006793845
1.000000000 -0.000070006 -0.000003383 -0.000523455 0.000070006 1.000000000 -0.000058690 -0.000884433 0.000003387 0.000058690 1.000000000 -0.003492194
0.999999762 0.000328114 -0.000633281 0.008093239 -0.000328052 0.999999940 0.000097449 -0.010421467 0.000633313 -0.000097241 0.999999821 -0.006322016
0.999999940 -0.000052626 -0.000319450 0.005549353 0.000052594 1.000000000 -0.000102205 -0.006380811 0.000319455 0.000102188 0.999999940 -0.005517374
0.999999940 -0.000377218 0.000066170 0.000447579 0.000377211 0.999999940 0.000111532 -0.028396742 -0.000066212 -0.000111507 1.000000000 -0.013917522
0.999999821 -0.000444659 0.000331318 -0.006094855 0.000444572 0.999999881 0.000263599 -0.017704077 -0.000331435 -0.000263452 0.999999881 -0.004932194
0.999999702 -0.000538872 0.000569371 -0.008303986 0.000538782 0.999999821 0.000159647 -0.002682438 -0.000569457 -0.000159340 0.999999821 0.001190420
0.999999940 -0.000133113 0.000246335 -0.006763489 0.000133077 1.000000000 0.000148239 -0.003056583 -0.000246355 -0.000148206 0.999999940 0.000768149
1.000000000 0.000026219 0.000152009 -0.004736796 -0.000026224 1.000000000 0.000033085 0.003255147 -0.000152008 -0.000033089 1.000000000 0.001449202
1.000000000 0.000080506 -0.000189178 0.002835407 -0.000080514 1.000000000 -0.000041908 0.003048976 0.000189175 0.000041923 1.000000000 -0.000726015
0.999999821 0.000244734 -0.000517499 0.005069037 -0.000244774 0.999999940 -0.000077440 0.001498578 0.000517480 0.000077567 0.999999881 -0.002107676
0.999999940 -0.000130185 -0.000293238 0.004803588 0.000130155 1.000000000 -0.000103168 -0.009777435 0.000293252 0.000103130 0.999999940 -0.007054056
0.999999881 -0.000481874 0.000149030 -0.000844894 0.000481872 0.999999881 0.000015987 -0.008492963 -0.000149038 -0.000015915 1.000000000 -0.004186806
0.999999881 -0.000269056 0.000375573 -0.010217639 0.000269046 0.999999940 0.000024887 -0.004568607 -0.000375580 -0.000024786 0.999999940 -0.003285576
0.999999762 -0.000443114 0.000523993 -0.009363411 0.000442952 0.999999881 0.000310572 -0.007330809 -0.000524131 -0.000310340 0.999999821 0.001087202
0.999999940 -0.000127946 0.000348922 -0.006425693 0.000127943 1.000000000 0.000009607 0.004718690 -0.000348923 -0.000009563 0.999999940 0.002589980
1.000000000 -0.000014162 -0.000022212 -0.000403534 0.000014161 1.000000000 -0.000060898 0.000412718 0.000022213 0.000060897 1.000000000 -0.000859910
0.999999762 0.000203546 -0.000631443 0.007868687 -0.000203581 1.000000000 -0.000056226 -0.009513278 0.000631432 0.000056354 0.999999821 -0.008042047
0.999999821 -0.000485351 0.000312261 -0.003744829 0.000485343 0.999999881 0.000023892 -0.014440480 -0.000312272 -0.000023740 0.999999940 -0.004654544
0.999999762 -0.000332530 0.000619627 -0.010688215 0.000332415 0.999999940 0.000185746 -0.006323554 -0.000619688 -0.000185540 0.999999762 -0.000228455
1.000000000 0.000080919 -0.000136166 -0.000917423 -0.000080932 1.000000000 -0.000095712 -0.001229307 0.000136158 0.000095723 1.000000000 -0.004591045
0.999999881 0.000028899 -0.000476624 0.006853500 -0.000028852 1.000000000 0.000098336 -0.023058193 0.000476627 -0.000098322 0.999999881 -0.010886837
0.999999940 -0.000294932 0.000095478 0.001321155 0.000294917 0.999999940 0.000163770 -0.014777099 -0.000095526 -0.000163742 1.000000000 -0.005283884
0.999999702 -0.000664336 0.000399945 -0.004723278 0.000664259 0.999999762 0.000192924 -0.019761469 -0.000400073 -0.000192658 0.999999881 -0.006901669
0.999999940 0.000010522 -0.000288803 0.000994481 -0.000010563 1.000000000 -0.000140354 0.001757791 0.000288802 0.000140357 0.999999940 -0.002634936
0.999999702 0.000292517 -0.000730237 0.008672666 -0.000292455 0.999999940 0.000085991 -0.021615405 0.000730262 -0.000085777 0.999999702 -0.012852185
0.999999821 -0.000556436 -0.000061954 0.003928758 0.000556440 0.999999821 0.000076017 -0.043325946 0.000061912 -0.000076052 1.000000000 -0.023860388
0.999999881 -0.000460894 0.000216346 -0.002079278 0.000460873 0.999999881 0.000095785 -0.048918761 -0.000216390 -0.000095685 1.000000000 -0.028201271
1.000000000 -0.000146964 -0.000121553 -0.002910009 0.000146948 1.000000000 -0.000134626 -0.081794061 0.000121573 0.000134608 1.000000000 -0.050216880
0.999995351 -0.002378511 0.001903681 -0.016698377 0.002378380 0.999997199 0.000070813 -0.138889924 -0.001903843 -0.000066285 0.999998212 -0.069716610
0.999998748 -0.001222783 0.000983666 -0.016063156 0.001223223 0.999999166 -0.000447058 -0.186213598 -0.000983119 0.000448261 0.999999404 -0.110026903
0.999998927 -0.001342325 0.000608537 -0.002653328 0.001342212 0.999999106 0.000186467 -0.284388244 -0.000608786 -0.000185650 0.999999821 -0.157557830
0.999999762 -0.000673035 0.000146677 0.001161673 0.000672981 0.999999702 0.000371576 -0.359473944 -0.000146927 -0.000371477 0.999999940 -0.199142620
0.999999702 -0.000729475 -0.000094876 0.004485494 0.000729505 0.999999702 0.000319099 -0.502297401 0.000094643 -0.000319168 0.999999940 -0.290391356
0.999999166 -0.000105611 -0.001291135 0.018677417 0.000105855 1.000000000 0.000189315 -0.643895268 0.001291115 -0.000189452 0.999999166 -0.383401304
0.999998212 -0.000216980 -0.001883177 0.036928687 0.000217523 0.999999940 0.000287764 -0.843918860 0.001883115 -0.000288173 0.999998212 -0.490385681
0.999998868 -0.000770159 -0.001301119 0.033577740 0.000771523 0.999999166 0.001047894 -1.073317409 0.001300310 -0.001048896 0.999998629 -0.609736800
0.999999762 0.000062440 -0.000708851 0.021981286 -0.000061678 0.999999404 0.001074779 -1.279972196 0.000708917 -0.001074735 0.999999166 -0.727489889
0.999999881 0.000170378 -0.000449660 0.019567160 -0.000169660 0.999998689 0.001594917 -1.532205105 0.000449931 -0.001594840 0.999998629 -0.871683717
0.999999642 0.000421993 -0.000724532 0.022120113 -0.000421563 0.999999762 0.000593290 -1.785594583 0.000724782 -0.000592984 0.999999583 -1.036339998
0.999997556 0.001088177 -0.001935864 0.044573881 -0.001085779 0.999998629 0.001239304 -2.084053278 0.001937210 -0.001237199 0.999997377 -1.204663992
0.999998510 -0.001638984 -0.000495348 0.059196401 0.001640373 0.999994695 0.002816499 -2.517481804 0.000490730 -0.002817308 0.999995887 -1.423273444
0.999999523 -0.000697901 0.000712136 0.017341183 0.000695210 0.999992669 0.003772328 -2.847320557 -0.000714763 -0.003771831 0.999992609 -1.595360279
0.999999464 -0.000627188 0.000818540 0.022750303 0.000624334 0.999993742 0.003481982 -3.225705624 -0.000820718 -0.003481470 0.999993622 -1.823292971
0.999999821 -0.000101817 -0.000561754 0.053252432 0.000103326 0.999996364 0.002686234 -3.623012304 0.000561479 -0.002686291 0.999996245 -2.072613239
0.999999464 -0.000945188 -0.000408754 0.080292754 0.000946409 0.999995053 0.002998293 -4.085328102 0.000405918 -0.002998678 0.999995410 -2.328029871
0.999999642 -0.000820041 -0.000276225 0.078267753 0.000820968 0.999993980 0.003372416 -4.569164753 0.000273458 -0.003372642 0.999994278 -2.598162174
0.999998689 -0.001356431 -0.000853999 0.096513368 0.001359414 0.999992967 0.003502729 -5.095319271 0.000849241 -0.003503885 0.999993503 -2.901783943
0.999998808 -0.000313190 -0.001513573 0.109701023 0.000319268 0.999991894 0.004016654 -5.647798061 0.001512303 -0.004017133 0.999990761 -3.217752218
0.999998212 0.000709158 -0.001769505 0.100180998 -0.000702217 0.999992073 0.003919785 -6.193846226 0.001772271 -0.003918535 0.999990761 -3.539564371
0.999996543 0.000311408 -0.002600981 0.139367491 -0.000296841 0.999984264 0.005599067 -6.838820457 0.002602684 -0.005598275 0.999980927 -3.876862288
0.999998093 -0.000340014 -0.001933049 0.145461589 0.000348542 0.999990225 0.004412723 -7.473193169 0.001931530 -0.004413388 0.999988377 -4.262966633
0.999997377 0.000766975 -0.002145300 0.145376891 -0.000756543 0.999987900 0.004859437 -8.164534569 0.002149001 -0.004857802 0.999985874 -4.658402920
0.999998569 0.000625998 -0.001584174 0.158588514 -0.000617431 0.999985218 0.005402471 -8.844083786 0.001587533 -0.005401485 0.999984145 -5.041070461
0.999996483 0.001042531 -0.002435674 0.188165903 -0.001030907 0.999988079 0.004769122 -9.596272469 0.002440617 -0.004766595 0.999985635 -5.474614143
0.999994874 0.000852980 -0.003078956 0.214754745 -0.000836402 0.999985158 0.005381439 -10.301822662 0.003083501 -0.005378836 0.999980807 -5.894175529
0.999992669 0.002028270 -0.003246827 0.208413884 -0.002008798 0.999980032 0.005989125 -11.077269554 0.003258910 -0.005982559 0.999976814 -6.331255436
0.999994636 0.000891856 -0.003147796 0.232600346 -0.000874929 0.999985158 0.005374491 -11.884684563 0.003152542 -0.005371708 0.999980628 -6.781258106
0.999996066 -0.000270972 -0.002783620 0.255748957 0.000290624 0.999975026 0.007061753 -12.705039978 0.002781637 -0.007062534 0.999971211 -7.231151104
0.999998569 -0.000200102 -0.001661939 0.249869987 0.000209087 0.999985337 0.005407922 -13.540425301 0.001660832 -0.005408261 0.999983966 -7.714589596
0.999996066 0.000297589 -0.002795798 0.284398973 -0.000278944 0.999977708 0.006666871 -14.390662193 0.002797720 -0.006666065 0.999973893 -8.192955017
0.999997318 -0.000525868 -0.002254024 0.299129248 0.000541078 0.999977052 0.006752599 -15.275276184 0.002250421 -0.006753800 0.999974668 -8.705604553
0.999994814 0.000584069 -0.003159610 0.313730210 -0.000563295 0.999978244 0.006571767 -16.165374756 0.003163379 -0.006569954 0.999973416 -9.216003418
0.999997377 0.000104596 -0.002294619 0.330696523 -0.000088796 0.999976277 0.006884865 -17.113203049 0.002295285 -0.006884643 0.999973655 -9.755704880
0.999999404 -0.000656790 -0.000858416 0.333397806 0.000662829 0.999974906 0.007054419 -18.049249649 0.000853761 -0.007054984 0.999974728 -10.280817032
0.999995589 0.000447926 -0.002944973 0.377059013 -0.000429708 0.999980807 0.006183877 -19.021240234 0.002947686 -0.006182584 0.999976516 -10.862722397
0.999996662 -0.000304883 -0.002555913 0.402565181 0.000322634 0.999975801 0.006947750 -20.024335861 0.002553733 -0.006948552 0.999972582 -11.414321899
0.999997139 -0.000273269 -0.002387650 0.403620809 0.000288960 0.999978364 0.006573978 -21.073640823 0.002385802 -0.006574649 0.999975562 -12.016228676
0.999994934 0.000175639 -0.003172082 0.419722766 -0.000156517 0.999981821 0.006027417 -22.062561035 0.003173084 -0.006026890 0.999976814 -12.605548859
0.999980450 0.001862362 -0.005969716 0.473304272 -0.001815156 0.999967098 0.007903417 -23.190130234 0.005984239 -0.007892427 0.999950945 -13.210923195
0.999989033 0.001883180 -0.004287623 0.460695028 -0.001850057 0.999968529 0.007716208 -24.257335663 0.004302019 -0.007708191 0.999961019 -13.830860138
0.999990880 0.000033894 -0.004266721 0.495705456 -0.000002005 0.999972045 0.007473663 -25.357969284 0.004266855 -0.007473587 0.999962986 -14.458486557
0.999974966 0.001624262 -0.006886233 0.531332910 -0.001569916 0.999967635 0.007890125 -26.482841492 0.006898826 -0.007879117 0.999945164 -15.105380058
0.999991834 0.001006122 -0.003906486 0.512969255 -0.000973516 0.999964774 0.008339683 -27.651287079 0.003914739 -0.008335812 0.999957621 -15.745540619
0.999995410 -0.000342491 -0.003013823 0.552652299 0.000367094 0.999966562 0.008166513 -28.779453278 0.003010925 -0.008167583 0.999962091 -16.376041412
0.999984741 0.000114554 -0.005523553 0.617427111 -0.000065786 0.999961019 0.008828448 -29.986978531 0.005524349 -0.008827951 0.999945760 -17.057954788
0.999991775 0.000712092 -0.003985850 0.596533179 -0.000676947 0.999960959 0.008811872 -31.199468613 0.003991969 -0.008809102 0.999953210 -17.739532471
0.999993742 0.000879158 -0.003431841 0.621507764 -0.000849702 0.999962866 0.008575344 -32.403400421 0.003439252 -0.008572375 0.999957323 -18.427732468
0.999990165 0.001666696 -0.004116345 0.669837475 -0.001630258 0.999959588 0.008839672 -33.685913086 0.004130912 -0.008832874 0.999952435 -19.146596909
0.999987125 0.002760191 -0.004255346 0.680120766 -0.002725086 0.999962389 0.008233549 -34.922660828 0.004277912 -0.008221846 0.999957025 -19.872142792
0.999983788 0.002130686 -0.005278405 0.724056363 -0.002084938 0.999960363 0.008657314 -36.220710754 0.005296642 -0.008646168 0.999948621 -20.599061966
0.999987960 0.001772631 -0.004570990 0.745327175 -0.001726831 0.999948442 0.010004234 -37.545494080 0.004588489 -0.009996220 0.999939501 -21.306671143
0.999992192 0.001915991 -0.003454883 0.741723061 -0.001880582 0.999945998 0.010223284 -38.849662781 0.003474283 -0.010216707 0.999941766 -22.049192429
0.999990761 0.001212204 -0.004128549 0.787974358 -0.001167327 0.999940395 0.010854848 -40.131935120 0.004141461 -0.010849928 0.999932587 -22.780740738
0.999985576 0.002771167 -0.004599281 0.798366964 -0.002719901 0.999934494 0.011115685 -41.511856079 0.004629783 -0.011103015 0.999927640 -23.564128876
0.999976277 0.003751619 -0.005779353 0.828630209 -0.003685852 0.999928832 0.011348530 -42.936386108 0.005821516 -0.011326958 0.999918878 -24.370517731
0.999979794 0.003070381 -0.005568408 0.866388321 -0.003007473 0.999931991 0.011270543 -44.283924103 0.005602635 -0.011253568 0.999920964 -25.125619888
0.999982476 0.003141637 -0.005012038 0.879304349 -0.003089056 0.999940455 0.010464376 -45.684711456 0.005044614 -0.010448711 0.999932706 -25.931257248
0.999978662 0.002556103 -0.006011385 0.922064126 -0.002489048 0.999934912 0.011135814 -47.100219727 0.006039458 -0.011120613 0.999919951 -26.730152130
0.999985874 0.002215024 -0.004827319 0.930965722 -0.002162155 0.999937952 0.010929923 -48.482681274 0.004851230 -0.010919332 0.999928594 -27.503513336
0.999986529 0.001623215 -0.004929976 0.976079464 -0.001570156 0.999940991 0.010747417 -49.931999207 0.004947131 -0.010739530 0.999930084 -28.325574875
0.999980986 0.001749830 -0.005917575 1.002271652 -0.001681566 0.999932230 0.011521018 -51.408695221 0.005937334 -0.011510848 0.999916136 -29.149663925
0.999969900 0.002653378 -0.007295032 1.036952734 -0.002573290 0.999936581 0.010965996 -52.846473694 0.007323666 -0.010946893 0.999913275 -29.970556259
0.999975026 0.002591497 -0.006574051 1.058894873 -0.002520429 0.999938548 0.010795874 -54.307559967 0.006601625 -0.010779035 0.999920130 -30.790601730
0.999987245 0.001963610 -0.004648339 1.067700624 -0.001910975 0.999934316 0.011300890 -55.769042969 0.004670224 -0.011291863 0.999925315 -31.603687286
0.999994218 0.001011954 -0.003250351 1.098736882 -0.000976065 0.999938726 0.011024171 -57.244926453 0.003261308 -0.011020933 0.999933958 -32.421375275
0.999986410 0.002427965 -0.004613993 1.148663163 -0.002374453 0.999930263 0.011568025 -58.702152252 0.004641757 -0.011556912 0.999922454 -33.245029449
0.999971211 0.004393535 -0.006188382 1.165939569 -0.004316745 0.999914169 0.012367768 -60.153347015 0.006242189 -0.012340698 0.999904394 -34.068824768
0.999977708 0.003441119 -0.005722188 1.193750024 -0.003372024 0.999921799 0.012041057 -61.617248535 0.005763176 -0.012021494 0.999911129 -34.874172211
0.999974906 0.003773325 -0.006000556 1.215499759 -0.003702261 0.999923408 0.011810221 -63.124420166 0.006044660 -0.011787709 0.999912262 -35.739334106
0.999972761 0.003581073 -0.006455760 1.247636437 -0.003500015 0.999915421 0.012523908 -64.629119873 0.006500063 -0.012500972 0.999900758 -36.570629120
0.999979317 0.003195841 -0.005586294 1.265977979 -0.003133761 0.999933660 0.011086587 -66.086181641 0.005621355 -0.011068851 0.999922931 -37.399852753
0.999986112 0.002440394 -0.004670030 1.283981442 -0.002387934 0.999934375 0.011206136 -67.579360962 0.004697071 -0.011194828 0.999926329 -38.236270905
0.999979079 0.003027823 -0.005713819 1.330659866 -0.002963976 0.999933422 0.011149604 -69.057838440 0.005747197 -0.011132436 0.999921501 -39.071048737
0.999990463 0.001952035 -0.003904339 1.349380970 -0.001906037 0.999929130 0.011750540 -70.551673889 0.003927000 -0.011742987 0.999923348 -39.904975891
0.999982238 0.003348297 -0.004927314 1.371447086 -0.003298377 0.999943495 0.010104805 -72.024497986 0.004960869 -0.010088373 0.999936819 -40.751964569
0.999972224 0.004178011 -0.006172453 1.402672768 -0.004116872 0.999942660 0.009884892 -73.519660950 0.006213399 -0.009859206 0.999932110 -41.613311768
0.999973655 0.004086681 -0.005994537 1.434971929 -0.004026184 0.999941170 0.010069633 -74.996612549 0.006035336 -0.010045232 0.999931335 -42.441291809
0.999975562 0.003310729 -0.006159208 1.459706664 -0.003249764 0.999945879 0.009882051 -76.481597900 0.006191592 -0.009861793 0.999932230 -43.281757355
0.999969423 0.003513038 -0.006990123 1.489236236 -0.003440915 0.999940991 0.010303246 -77.980079651 0.007025906 -0.010278879 0.999922514 -44.134170532
0.999981225 0.002136155 -0.005738386 1.515034199 -0.002082788 0.999954700 0.009290015 -79.485931396 0.005757971 -0.009277890 0.999940395 -44.970657349
0.999989510 0.001769845 -0.004221606 1.528019190 -0.001732153 0.999958754 0.008915479 -81.000595093 0.004237211 -0.008908073 0.999951363 -45.826843262
0.999990940 0.002066630 -0.003715951 1.560148358 -0.002035917 0.999963880 0.008250224 -82.490470886 0.003732867 -0.008242584 0.999959052 -46.676738739
0.999987066 0.002929477 -0.004161633 1.593458295 -0.002890627 0.999952495 0.009310875 -83.999221802 0.004188711 -0.009298725 0.999947965 -47.503997803
0.999986529 0.002997538 -0.004235124 1.619319797 -0.002955858 0.999947488 0.009813685 -85.486228943 0.004264318 -0.009801034 0.999942899 -48.346035004
0.999971390 0.004881869 -0.005775769 1.645276189 -0.004824704 0.999939620 0.009870124 -87.020286560 0.005823606 -0.009841976 0.999934614 -49.213172913
0.999973059 0.004722962 -0.005620443 1.678115010 -0.004674895 0.999952674 0.008534748 -88.506301880 0.005660486 -0.008508243 0.999947786 -50.052898407
0.999975562 0.003840864 -0.005843563 1.705757618 -0.003792778 0.999959052 0.008217860 -90.022216797 0.005874888 -0.008195495 0.999949157 -50.903533936
0.999968886 0.004088153 -0.006747060 1.722830296 -0.004034891 0.999960721 0.007888851 -91.520004272 0.006779047 -0.007861382 0.999946117 -51.760425568
0.999983907 0.002436700 -0.005123777 1.740471721 -0.002402714 0.999975145 0.006628694 -92.995826721 0.005139801 -0.006616277 0.999964893 -52.598934174
0.999970257 0.003705302 -0.006761486 1.785388112 -0.003659859 0.999970734 0.006720969 -94.511268616 0.006786191 -0.006696024 0.999954581 -53.459068298
0.999973357 0.003995324 -0.006108260 1.798750520 -0.003952883 0.999968052 0.006944582 -96.017692566 0.006135811 -0.006920252 0.999957204 -54.318737030
0.999960005 0.005354656 -0.007165205 1.846122742 -0.005316018 0.999971271 0.005400606 -97.491340637 0.007193917 -0.005362300 0.999959767 -55.180698395
0.999968112 0.004450732 -0.006629524 1.864511967 -0.004423574 0.999981761 0.004105569 -99.036682129 0.006647677 -0.004076113 0.999969602 -56.033229828
0.999974251 0.003641182 -0.006179617 1.881845117 -0.003622660 0.999988914 0.003005805 -100.543228149 0.006190493 -0.002983341 0.999976397 -56.900127411
0.999975264 0.003324290 -0.006202898 1.917586446 -0.003304296 0.999989331 0.003230899 -102.064346313 0.006213572 -0.003210323 0.999975562 -57.765274048
0.999972403 0.003959107 -0.006288254 1.939772129 -0.003940657 0.999987900 0.002943752 -103.557128906 0.006299832 -0.002918891 0.999975920 -58.632122040
0.999967337 0.004513427 -0.006707315 1.977401733 -0.004499700 0.999987781 0.002060167 -105.052047729 0.006716531 -0.002029918 0.999975383 -59.492523193
0.999977231 0.003488122 -0.005779328 1.992970943 -0.003485607 0.999993801 0.000445221 -106.518875122 0.005780845 -0.000425066 0.999983191 -60.348064423
0.999972343 0.003987405 -0.006276671 2.035202265 -0.003983372 0.999991834 0.000654776 -108.047195435 0.006279231 -0.000629755 0.999980092 -61.210391998
0.999977350 0.003439802 -0.005782784 2.053025961 -0.003437337 0.999993980 0.000436104 -109.559432983 0.005784249 -0.000416217 0.999983191 -62.085620880
0.999977767 0.003736204 -0.005521563 2.073606491 -0.003737872 0.999992967 -0.000291628 -111.046699524 0.005520434 0.000312261 0.999984741 -62.958637238
0.999975026 0.003787230 -0.005962007 2.113063097 -0.003797985 0.999991179 -0.001793523 -112.567520142 0.005955162 0.001816122 0.999980628 -63.832565308
0.999972820 0.004426342 -0.005901265 2.127064943 -0.004444420 0.999985456 -0.003053885 -114.086463928 0.005887663 0.003080030 0.999977946 -64.711410522
0.999976575 0.003610533 -0.005815336 2.174821615 -0.003636903 0.999983132 -0.004530316 -115.592102051 0.005798881 0.004551359 0.999972820 -65.593437195
0.999963403 0.004652557 -0.007178356 2.199838161 -0.004686780 0.999977708 -0.004757978 -117.098251343 0.007156059 0.004791447 0.999962926 -66.475311279
0.999974966 0.003541290 -0.006128153 2.226519108 -0.003574206 0.999979198 -0.005368613 -118.685249329 0.006109014 0.005390382 0.999966800 -67.401786804
0.999975979 0.003314395 -0.006082937 2.256471395 -0.003350614 0.999976635 -0.005953630 -120.193550110 0.006063063 0.005973869 0.999963760 -68.277832031
0.999975443 0.003058363 -0.006306120 2.290573120 -0.003098364 0.999975085 -0.006343118 -121.714057922 0.006286563 0.006362501 0.999960005 -69.148796082
0.999974608 0.003071166 -0.006426445 2.307132244 -0.003124499 0.999960601 -0.008305343 -123.153762817 0.006400684 0.008325212 0.999944866 -70.016723633
0.999971390 0.004003897 -0.006416709 2.328300714 -0.004066702 0.999943674 -0.009804867 -124.668846130 0.006377090 0.009830682 0.999931335 -70.921379089
0.999974430 0.003753380 -0.006084573 2.369900942 -0.003814328 0.999942362 -0.010036442 -126.095222473 0.006046551 0.010059394 0.999931097 -71.750366211
0.999979019 0.003466857 -0.005469192 2.381807804 -0.003531981 0.999922454 -0.011943099 -127.582695007 0.005427363 0.011962165 0.999913692 -72.646987915
0.999978662 0.004046651 -0.005129604 2.403465509 -0.004111178 0.999911785 -0.012632047 -129.056930542 0.005078034 0.012652866 0.999907076 -73.518966675
0.999973655 0.004319306 -0.005829815 2.461969137 -0.004399639 0.999894559 -0.013837880 -130.607025146 0.005769430 0.013863165 0.999887228 -74.447425842
0.999982893 0.003148112 -0.004934549 2.488711357 -0.003219195 0.999890208 -0.014464090 -132.135101318 0.004888473 0.014479727 0.999883235 -75.355102539
0.999988675 0.002716354 -0.003910031 2.500646830 -0.002774912 0.999882877 -0.015049610 -133.648345947 0.003868693 0.015060289 0.999879122 -76.255722046
0.999985576 0.003116905 -0.004372556 2.535125017 -0.003190033 0.999853492 -0.016818410 -135.123916626 0.004319494 0.016832115 0.999849021 -77.163360596
0.999987125 0.002648503 -0.004326166 2.575012922 -0.002731072 0.999812067 -0.019192979 -136.592681885 0.004274521 0.019204546 0.999806464 -78.070022583
0.999993920 0.001945341 -0.002888082 2.595913887 -0.002006824 0.999768138 -0.021440305 -138.068939209 0.002845704 0.021445971 0.999765933 -78.972877502
0.999994516 0.002002048 -0.002647739 2.616384506 -0.002062442 0.999733150 -0.023007164 -139.565658569 0.002600972 0.023012498 0.999731779 -79.883972168
0.999988437 0.002810716 -0.003902659 2.652980566 -0.002901206 0.999722481 -0.023378195 -141.084823608 0.003835866 0.023389248 0.999719083 -80.800178528
0.999983907 0.002922991 -0.004865717 2.689305782 -0.003046019 0.999670863 -0.025472119 -142.567855835 0.004789660 0.025486529 0.999663711 -81.723625183
0.999989927 0.002638973 -0.003627819 2.703573227 -0.002734968 0.999639332 -0.026715739 -144.079681396 0.003556009 0.026725391 0.999636471 -82.641128540
0.999992669 0.001730080 -0.003409518 2.723396063 -0.001826256 0.999594688 -0.028409824 -145.574630737 0.003358985 0.028415844 0.999590516 -83.557746887
0.999991357 0.001661570 -0.003805782 2.756711006 -0.001774065 0.999555826 -0.029748907 -147.062454224 0.003754662 0.029755404 0.999550164 -84.491416931
0.999989569 0.001223268 -0.004403027 2.793086290 -0.001360701 0.999507666 -0.031346858 -148.548904419 0.004362514 0.031352520 0.999498844 -85.418014526
0.999993384 -0.000048529 -0.003633531 2.805835962 -0.000069509 0.999472439 -0.032478742 -150.069808960 0.003633190 0.032478780 0.999465823 -86.352577209
0.999994636 0.000789093 -0.003185167 2.836663485 -0.000897522 0.999415100 -0.034185115 -151.543243408 0.003156329 0.034187790 0.999410450 -87.279907227
0.999985278 0.002317068 -0.004901328 2.891608715 -0.002492351 0.999346375 -0.036063962 -153.012130737 0.004814561 0.036075644 0.999337435 -88.220741272
0.999981403 0.002428795 -0.005588935 2.931342125 -0.002637105 0.999290466 -0.037571374 -154.513732910 0.005493717 0.037585419 0.999278307 -89.161529541
0.999983668 0.002627092 -0.005079133 2.955629349 -0.002825772 0.999215007 -0.039513908 -155.984375000 0.004971339 0.039527617 0.999206126 -90.100433350
0.999979854 0.002558034 -0.005814079 2.999494553 -0.002797449 0.999132514 -0.041550580 -157.471786499 0.005702748 0.041566003 0.999119461 -91.041641235
0.999976218 0.002626861 -0.006373405 3.032754898 -0.002902959 0.999040246 -0.043705124 -158.967697144 0.006252482 0.043722589 0.999024153 -91.992988586
0.999975502 0.002564897 -0.006510380 3.066278219 -0.002859890 0.998950481 -0.045713864 -160.442260742 0.006386296 0.045731366 0.998933375 -92.944015503
0.999979496 0.001974886 -0.006093372 3.089175940 -0.002261616 0.998872757 -0.047413785 -161.915954590 0.005992867 0.047426593 0.998856723 -93.895523071
0.999980330 0.001969926 -0.005957133 3.111100912 -0.002263142 0.998765528 -0.049621597 -163.406784058 0.005852028 0.049634099 0.998750329 -94.861557007
0.999981999 0.001819601 -0.005716834 3.139513969 -0.002114096 0.998648107 -0.051937360 -164.873214722 0.005614600 0.051948514 0.998633981 -95.818649292
0.999975264 0.002304885 -0.006640733 3.184897661 -0.002664687 0.998499751 -0.054691911 -166.337524414 0.006504712 0.054708257 0.998481214 -96.782775879
0.999973953 0.002555029 -0.006750163 3.217694998 -0.002934423 0.998380899 -0.056806710 -167.818283081 0.006594091 0.056825038 0.998362362 -97.755844116
0.999981284 0.002303139 -0.005663700 3.225386143 -0.002631280 0.998276293 -0.058629882 -169.282470703 0.005518905 0.058643688 0.998263717 -98.717521667
0.999969661 0.003070395 -0.007160068 3.284847498 -0.003497521 0.998166561 -0.060425371 -170.767013550 0.006961411 0.060448579 0.998147011 -99.698143005
0.999966085 0.002631833 -0.007800647 3.317740679 -0.003119972 0.997993469 -0.063240133 -172.240966797 0.007618557 0.063262321 0.997967839 -100.682212830
0.999962807 0.002992655 -0.008091183 3.348721981 -0.003517158 0.997839332 -0.065606944 -173.705093384 0.007877363 0.065632962 0.997812748 -101.656341553
0.999965131 0.002086579 -0.008086748 3.400771618 -0.002634519 0.997657895 -0.068350673 -175.149795532 0.007925190 0.068369597 0.997628570 -102.648162842
0.999965250 0.001445978 -0.008207305 3.442691803 -0.002017566 0.997540116 -0.070068613 -176.617935181 0.008085799 0.070082739 0.997508407 -103.638130188
0.999970317 0.000598234 -0.007682766 3.459511757 -0.001150115 0.997401714 -0.072031476 -178.056610107 0.007619712 0.072038166 0.997372746 -104.627716064
0.999978364 0.000261162 -0.006572822 3.479230881 -0.000740494 0.997329473 -0.073029920 -179.524398804 0.006536197 0.073033214 0.997308075 -105.622962952
0.999980152 0.000436818 -0.006289749 3.505059242 -0.000905898 0.997200370 -0.074770063 -180.998565674 0.006239479 0.074774280 0.997180939 -106.631065369
0.999984503 0.000510183 -0.005549188 3.530425549 -0.000934314 0.997053802 -0.076699413 -182.454177856 0.005493708 0.076703407 0.997038841 -107.630287170
0.999985099 0.000424786 -0.005445735 3.560731888 -0.000855176 0.996852338 -0.079275675 -183.899993896 0.005394918 0.079279147 0.996837854 -108.638710022
0.999985576 0.000138802 -0.005367666 3.594058752 -0.000577139 0.996652901 -0.081747375 -185.365188599 0.005338354 0.081749298 0.996638656 -109.651237488
0.999987125 -0.000733452 -0.005016610 3.624727011 0.000308490 0.996449471 -0.084192671 -186.809310913 0.005060550 0.084190048 0.996436894 -110.656356812
0.999985754 -0.001941534 -0.004976103 3.665279150 0.001502713 0.996231616 -0.086719804 -188.262359619 0.005125721 0.086711086 0.996220291 -111.665046692
0.999987185 -0.001750122 -0.004756431 3.691816092 0.001319985 0.996032834 -0.088976584 -189.706985474 0.004893281 0.088969164 0.996022344 -112.685943604
0.999988616 -0.002253029 -0.004210554 3.731980801 0.001861237 0.995863616 -0.090841606 -191.126815796 0.004397807 0.090832740 0.995856464 -113.693367004
0.999990821 -0.001596332 -0.003970752 3.770951271 0.001223550 0.995742261 -0.092173249 -192.565307617 0.004100984 0.092167541 0.995735049 -114.716621399
0.999982595 -0.000763916 -0.005854260 3.828071833 0.000210943 0.995583415 -0.093880914 -194.019378662 0.005900121 0.093878038 0.995566249 -115.760681152
0.999984920 -0.000913662 -0.005416299 3.862266541 0.000387645 0.995348990 -0.096334040 -195.454269409 0.005479124 0.096330494 0.995334327 -116.785095215
0.999988198 -0.000903143 -0.004768530 3.884805679 0.000430447 0.995165288 -0.098213620 -196.885620117 0.004834177 0.098210417 0.995153904 -117.812355042
0.999990761 -0.000420614 -0.004280370 3.913593531 -0.000010000 0.994976521 -0.100108460 -198.325210571 0.004300975 0.100107580 0.994967341 -118.846366882
0.999989748 -0.001214659 -0.004366179 3.948485613 0.000762938 0.994783103 -0.102009557 -199.750854492 0.004467308 0.102005176 0.994773865 -119.877693176
0.999990582 -0.000627329 -0.004298209 3.961766720 0.000175955 0.994554222 -0.104220122 -201.183578491 0.004340182 0.104218379 0.994544983 -120.926918030
0.999991059 0.000443403 -0.004205897 3.989772797 -0.000886474 0.994372487 -0.105936512 -202.600158691 0.004135257 0.105939299 0.994364023 -121.971061707
0.999987364 0.000774903 -0.004970071 4.042413712 -0.001306826 0.994157314 -0.107932933 -204.040466309 0.004857395 0.107938059 0.994145751 -123.020729065
0.999976575 0.000252427 -0.006841838 4.098244190 -0.001001524 0.993963480 -0.109707095 -205.481811523 0.006772844 0.109711371 0.993940413 -124.079879761
0.999970794 0.000359250 -0.007630754 4.130458355 -0.001212084 0.993701279 -0.112054713 -206.906661987 0.007542435 0.112060688 0.993672729 -125.129646301
0.999968350 -0.000545485 -0.007934115 4.170536518 -0.000364200 0.993457317 -0.114203639 -208.334716797 0.007944501 0.114202924 0.993425667 -126.185501099
0.999979258 -0.000578315 -0.006418129 4.176850319 -0.000173750 0.993183255 -0.116563484 -209.748565674 0.006441789 0.116562173 0.993162513 -127.234313965
0.999975562 -0.000251576 -0.006982562 4.233224869 -0.000577270 0.992960274 -0.118446559 -211.158584595 0.006963204 0.118447691 0.992935896 -128.301361084
0.999986112 -0.000177572 -0.005272029 4.242117882 -0.000459537 0.992701054 -0.120600104 -212.604827881 0.005254964 0.120600849 0.992687166 -129.376419067
0.999986708 0.000983785 -0.005056884 4.297253132 -0.001593503 0.992526174 -0.122021601 -213.982116699 0.004899046 0.122028038 0.992514551 -130.433273315
0.999991357 0.000306248 -0.004148384 4.357544422 -0.000825424 0.992063403 -0.125735700 -216.811264038 0.004076953 0.125738025 0.992055118 -132.570999146
0.999986649 -0.000051925 -0.005166607 4.411605835 -0.000608821 0.991799295 -0.127803802 -218.243087769 0.005130873 0.127805233 0.991786003 -133.669036865
0.999985576 -0.000146028 -0.005368070 4.434836864 -0.000548941 0.991613984 -0.129233971 -219.653869629 0.005341925 0.129235044 0.991599619 -134.744155884
0.999981880 -0.000342017 -0.006014551 4.474407673 -0.000447672 0.991407812 -0.130806372 -221.060897827 0.006007610 0.130806699 0.991389692 -135.832412720
0.999979079 -0.000147124 -0.006463858 4.504417896 -0.000710148 0.991193056 -0.132422671 -222.457672119 0.006426414 0.132424489 0.991172254 -136.916625977
0.999966741 -0.000247825 -0.008151563 4.559289455 -0.000852626 0.990883589 -0.134718105 -223.862976074 0.008110637 0.134720579 0.990850449 -138.015075684
0.999968588 -0.000355561 -0.007918977 4.573813915 -0.000732531 0.990573943 -0.136977017 -225.264480591 0.007893036 0.136978507 0.990542591 -139.091018677
0.999964476 -0.000055523 -0.008427142 4.612458229 -0.001120088 0.990230739 -0.139433786 -226.647964478 0.008352556 0.139438286 0.990195513 -140.181991577
0.999962926 -0.001082246 -0.008542961 4.654400826 -0.000138773 0.989916921 -0.141649008 -228.057830811 0.008610121 0.141644955 0.989880085 -141.290924072
0.999965787 -0.002745097 -0.007804177 4.698645115 0.001597775 0.989665568 -0.143385693 -229.450912476 0.008117133 0.143368319 0.989636123 -142.394012451
0.999972105 -0.002307537 -0.007104478 4.707891464 0.001246883 0.989309430 -0.145826429 -230.846954346 0.007365027 0.145813495 0.989284694 -143.490325928
0.999975264 -0.002276339 -0.006658419 4.760112762 0.001268387 0.989040613 -0.147638157 -232.231338501 0.006921521 0.147626057 0.989019036 -144.605484009
0.999972582 -0.001549968 -0.007240026 4.803949356 0.000450057 0.988759220 -0.149516016 -233.616485596 0.007390387 0.149508655 0.988732815 -145.706756592
0.999984682 -0.000883940 -0.005461292 4.833205223 0.000046267 0.988454938 -0.151515067 -234.986618042 0.005532172 0.151512504 0.988439858 -146.792495728
0.999986172 0.000112246 -0.005262000 4.859776974 -0.000914293 0.988276780 -0.152670264 -236.368255615 0.005183175 0.152672946 0.988263190 -147.910705566
0.999987066 -0.000006245 -0.005090895 4.908996105 -0.000782190 0.987936914 -0.154854760 -237.752349854 0.005030450 0.154856727 0.987924159 -149.044784546
0.999989092 -0.000468259 -0.004643172 4.932525158 -0.000264446 0.987668633 -0.156558558 -239.142410278 0.004659225 0.156558082 0.987657785 -150.163497925
0.999976099 -0.000250658 -0.006906176 4.986918449 -0.000845952 0.987386525 -0.158326164 -240.529067993 0.006858750 0.158328220 0.987362742 -151.305450439
0.999980032 0.000115672 -0.006314786 5.001083851 -0.001124389 0.987121046 -0.159971163 -241.924484253 0.006214954 0.159975067 0.987101495 -152.434234619
0.999988675 0.000804309 -0.004689276 5.039068699 -0.001552340 0.986826420 -0.161775216 -243.280761719 0.004497384 0.161780670 0.986816466 -153.554519653
0.999982893 0.000710354 -0.005806859 5.084252834 -0.001655280 0.986394823 -0.164385244 -244.670501709 0.005611083 0.164392039 0.986379147 -154.698989868
0.999987960 -0.001224341 -0.004749192 5.107098103 0.000417523 0.986075699 -0.166296676 -246.073028564 0.004886667 0.166292682 0.986064315 -155.851150513
0.999981999 -0.000674449 -0.005963809 5.157988548 -0.000330261 0.985976994 -0.166880950 -247.415084839 0.005992732 0.166879907 0.985958993 -156.968780518
0.999977469 -0.001138567 -0.006611581 5.190677643 0.000012624 0.985811651 -0.167855382 -248.787628174 0.006708888 0.167851508 0.985789478 -158.115737915
0.999980748 -0.001370082 -0.006055666 5.208270550 0.000320659 0.985443354 -0.170003638 -250.158370972 0.006200435 0.169998422 0.985424817 -159.256607056
0.999978840 -0.002402473 -0.006046119 5.248238564 0.001325860 0.985071659 -0.172139585 -251.569625854 0.006369421 0.172127932 0.985054016 -160.412994385
0.999977052 -0.002047976 -0.006455771 5.299427032 0.000894906 0.984782934 -0.173786491 -252.905090332 0.006713444 0.173776716 0.984762192 -161.549789429
0.999982119 -0.002468286 -0.005441573 5.337046623 0.001479852 0.984624922 -0.174675748 -254.289672852 0.005789058 0.174664572 0.984610975 -162.701583862
0.999982119 -0.002309711 -0.005517691 5.375055790 0.001301191 0.984347880 -0.176231623 -255.622955322 0.005838372 0.176221281 0.984333277 -163.840484619
0.999984443 -0.002085293 -0.005177316 5.410000801 0.001132498 0.984096587 -0.177630618 -257.006530762 0.005465391 0.177621976 0.984083593 -165.006713867
0.999988019 -0.001794866 -0.004557682 5.448295116 0.000953527 0.983977377 -0.178290695 -258.366729736 0.004804664 0.178284198 0.983967304 -166.158660889
0.999990165 -0.001551147 -0.004159090 5.481876850 0.000779051 0.983743191 -0.179579303 -259.759735107 0.004370030 0.179574296 0.983734727 -167.366378784
0.999984026 -0.001728839 -0.005378129 5.525906086 0.000721338 0.983304203 -0.181968063 -261.121185303 0.005602930 0.181961268 0.983289719 -168.531036377
0.999981821 -0.002409045 -0.005526411 5.567201138 0.001354083 0.983019352 -0.183496922 -262.478332520 0.005874622 0.183486104 0.983004749 -169.695175171
0.999985278 -0.002326896 -0.004901952 5.595743656 0.001383703 0.982871830 -0.184285387 -263.862945557 0.005246803 0.184275880 0.982860565 -170.878341675
0.999979913 -0.001958970 -0.006029214 5.644431114 0.000805387 0.982609093 -0.185684443 -265.206726074 0.006288110 0.185675859 0.982590914 -172.046264648
0.999977231 -0.002055945 -0.006427724 5.676965237 0.000815323 0.982292831 -0.187350318 -266.573455811 0.006699089 0.187340811 0.982272148 -173.217605591
0.999976754 -0.002193489 -0.006452617 5.709969997 0.000936523 0.982035160 -0.188695803 -267.902374268 0.006750599 0.188685372 0.982014418 -174.378997803
0.999973178 -0.001563422 -0.007159164 5.761406422 0.000178548 0.981883585 -0.189485162 -269.261352539 0.007325711 0.189478785 0.981857479 -175.570419312
0.999978542 -0.001012016 -0.006469848 5.796659946 -0.000245732 0.981491506 -0.191505611 -270.599456787 0.006543908 0.191503108 0.981470168 -176.732360840
0.999979615 -0.001006774 -0.006304618 5.831991196 -0.000228417 0.981214881 -0.192917868 -271.948944092 0.006380410 0.192915365 0.981194675 -177.903182983
0.999973357 -0.001336441 -0.007180006 5.884215832 -0.000079389 0.981067419 -0.193666443 -273.308807373 0.007302894 0.193661854 0.981041133 -179.091720581
0.999970198 -0.002418444 -0.007328715 5.912539482 0.000946583 0.980895281 -0.194534123 -274.667938232 0.007659172 0.194521397 0.980868399 -180.276992798
0.999975264 -0.002400324 -0.006611203 5.937967777 0.001057148 0.980579376 -0.196119681 -275.989685059 0.006953560 0.196107849 0.980557680 -181.435440063
0.999976337 -0.001369650 -0.006744375 5.977743149 0.000017176 0.980489492 -0.196571484 -277.338714600 0.006882023 0.196566716 0.980466306 -182.623718262
0.999965191 -0.002039761 -0.008090326 6.024228573 0.000404712 0.980372727 -0.197152525 -278.715820312 0.008333678 0.197142392 0.980339468 -183.828857422
0.999969542 -0.002784014 -0.007292957 6.047538280 0.001277998 0.980022609 -0.198882043 -280.042266846 0.007700954 0.198866665 0.979996324 -185.010055542
0.999964595 -0.002543743 -0.008022410 6.094412327 0.000883760 0.979696512 -0.200484350 -281.402893066 0.008369508 0.200470164 0.979664087 -186.220596313
0.999969006 -0.002458974 -0.007482175 6.126563072 0.000902159 0.979520380 -0.201343164 -282.743652344 0.007824040 0.201330170 0.979492188 -187.421890259
0.999966621 -0.002757626 -0.007688438 6.165933609 0.001147470 0.979377806 -0.202034026 -284.117645264 0.008087019 0.202018470 0.979348302 -188.628753662
0.999960542 -0.002515348 -0.008518307 6.214891911 0.000727903 0.979043305 -0.203650936 -285.473785400 0.008852045 0.203636691 0.979006529 -189.838134766
0.999965250 -0.002101384 -0.008070398 6.251405716 0.000409718 0.978943169 -0.204132676 -286.808837891 0.008329421 0.204122275 0.978909969 -191.028717041
0.999958813 -0.001551638 -0.008939264 6.302448273 -0.000307288 0.978910625 -0.204288617 -288.176971436 0.009067724 0.204282954 0.978869855 -192.258987427
0.999959826 -0.001608391 -0.008816193 6.338229179 -0.000237461 0.978661954 -0.205476761 -289.521026611 0.008958560 0.205470592 0.978622258 -193.451614380
0.999956548 -0.002130965 -0.009075473 6.374757290 0.000206961 0.978357911 -0.206919685 -290.877532959 0.009319999 0.206908807 0.978315830 -194.674926758
0.999968410 -0.002381784 -0.007583219 6.403354168 0.000757870 0.978271961 -0.207324460 -292.198181152 0.007912252 0.207312152 0.978242874 -195.858413696
0.999968231 -0.001111415 -0.007892076 6.457941055 -0.000550849 0.978223085 -0.207555518 -293.545806885 0.007950891 0.207553282 0.978191376 -197.065643311
0.999970496 -0.001091704 -0.007601304 6.495220184 -0.000520497 0.977931798 -0.208923861 -294.882202148 0.007661640 0.208921656 0.977902353 -198.272979736
0.999962270 -0.001817073 -0.008494233 6.551771164 -0.000004434 0.977769017 -0.209684849 -296.200317383 0.008686411 0.209676981 0.977732122 -199.469802856
0.999953866 -0.002063075 -0.009382122 6.599493504 0.000048107 0.977729321 -0.209869787 -297.539581299 0.009606154 0.209859654 0.977684319 -200.681243896
0.999961019 -0.001550806 -0.008695140 6.629667759 -0.000316187 0.977548361 -0.210711032 -298.890472412 0.008826692 0.210705549 0.977509737 -201.907043457
0.999954998 -0.001878747 -0.009297118 6.673240662 -0.000133735 0.977296829 -0.211874574 -300.190795898 0.009484103 0.211866289 0.977252662 -203.084960938
0.999956667 -0.001353243 -0.009212623 6.714079380 -0.000632207 0.977233231 -0.212166950 -301.509765625 0.009289996 0.212163582 0.977190018 -204.286026001
0.999950886 -0.001798624 -0.009746186 6.757485867 -0.000316860 0.977089643 -0.212827995 -302.864562988 0.009905695 0.212820634 0.977041066 -205.517013550
0.999951363 -0.001819126 -0.009690913 6.793867111 -0.000298259 0.976803780 -0.214136049 -304.155090332 0.009855661 0.214128539 0.976755798 -206.693786621
0.999947190 -0.001901178 -0.010098348 6.837203979 -0.000310297 0.976700723 -0.214605689 -305.449798584 0.010271068 0.214597493 0.976648569 -207.875961304
0.999941409 -0.001595166 -0.010704949 6.883649826 -0.000737241 0.976743102 -0.214411557 -306.807189941 0.010798006 0.214406878 0.976684749 -209.119659424
0.999942660 -0.001755583 -0.010563063 6.924605846 -0.000560177 0.976541221 -0.215329915 -308.162841797 0.010693296 0.215323478 0.976484239 -210.354431152
0.999944448 -0.002827513 -0.010153411 6.963174343 0.000564189 0.976321936 -0.216321900 -309.431762695 0.010524651 0.216304168 0.976269305 -211.514221191
0.999941945 -0.002776154 -0.010411759 7.013909340 0.000457159 0.976301968 -0.216412216 -310.764770508 0.010765814 0.216394901 0.976246536 -212.744323730
0.999940217 -0.002264234 -0.010698851 7.065244675 -0.000101155 0.976374030 -0.216087475 -312.089874268 0.010935353 0.216075644 0.976315379 -213.957015991
0.999945641 -0.002422043 -0.010141321 7.102145195 0.000168353 0.976268947 -0.216561675 -313.391265869 0.010425179 0.216548204 0.976216257 -215.141632080
0.999953091 -0.001822245 -0.009513842 7.140446663 -0.000276179 0.976384342 -0.216040730 -314.682922363 0.009682845 0.216033220 0.976338029 -216.326873779
0.999949813 -0.001607490 -0.009890521 7.186170578 -0.000564940 0.976434171 -0.215814725 -316.010681152 0.010004362 0.215809479 0.976384223 -217.540695190
0.999946296 -0.001513349 -0.010254535 7.234866142 -0.000742166 0.976293325 -0.216450453 -317.315979004 0.010338998 0.216446429 0.976239741 -218.740432739
0.999959230 -0.002518504 -0.008668577 7.246335983 0.000579236 0.976214826 -0.216804832 -318.659912109 0.009008417 0.216790974 0.976176500 -219.966644287
0.999953508 -0.002380528 -0.009342264 7.300582886 0.000295863 0.976156175 -0.217069194 -319.941772461 0.009636248 0.217056349 0.976111531 -221.142349243
0.999950588 -0.002137169 -0.009706660 7.347912788 -0.000027306 0.976014078 -0.217707470 -321.255310059 0.009939115 0.217696980 0.975965798 -222.349609375
0.999955475 -0.005175401 -0.007892623 7.458267212 0.003319599 0.975674510 -0.219199046 -325.177001953 0.008835074 0.219163075 0.975648224 -225.961242676
0.999963760 -0.004495823 -0.007231025 7.509059429 0.002794460 0.975482941 -0.220057279 -326.491455078 0.008043080 0.220029086 0.975460172 -227.177017212
0.999964774 -0.004818880 -0.006872905 7.550183773 0.003190641 0.975544930 -0.219776899 -327.780548096 0.007763906 0.219747216 0.975525975 -228.367233276
0.999963403 -0.003636015 -0.007741037 7.602638245 0.001848423 0.975615442 -0.219479188 -329.015502930 0.008350304 0.219456866 0.975586474 -229.511001587
0.999965787 -0.003209163 -0.007627167 7.639989853 0.001454474 0.975549161 -0.219776511 -330.330108643 0.008145975 0.219757885 0.975520432 -230.725433350
0.999963045 -0.003955261 -0.007634250 7.684456348 0.002186889 0.975708485 -0.219061941 -331.657287598 0.008315249 0.219037145 0.975681067 -231.945907593
0.999958515 -0.004412607 -0.007969465 7.727528095 0.002564948 0.975838542 -0.218477786 -333.049041748 0.008740967 0.218448281 0.975809395 -233.224060059
0.999958754 -0.004499172 -0.007890604 7.768671513 0.002658989 0.975645125 -0.219338879 -334.359039307 0.008685272 0.219308838 0.975616813 -234.428298950
0.999964118 -0.004799106 -0.006980807 7.803015709 0.003151349 0.975648701 -0.219316423 -335.652282715 0.007863338 0.219286561 0.975628793 -235.622589111
0.999958992 -0.004860371 -0.007642086 7.856426239 0.003065692 0.975638330 -0.219363853 -336.988250732 0.008522102 0.219331428 0.975613177 -236.857025146
0.999958396 -0.005595797 -0.007203458 7.900549412 0.003876186 0.975548863 -0.219748542 -338.283782959 0.008256993 0.219711468 0.975529969 -238.047698975
0.999963164 -0.004341735 -0.007403109 7.946067333 0.002611895 0.975634396 -0.219387159 -339.608398438 0.008175249 0.219359741 0.975609779 -239.278732300
0.999964774 -0.004029931 -0.007362387 7.978110790 0.002319167 0.975704610 -0.219078034 -340.903076172 0.008066384 0.219053239 0.975679576 -240.475875854
0.999954283 -0.003547864 -0.008877526 8.034132004 0.001515087 0.975664735 -0.219262421 -342.213531494 0.009439402 0.219238937 0.975625515 -241.682617188
0.999959528 -0.003514739 -0.008279874 8.069617271 0.001608230 0.975526214 -0.219877228 -343.531646729 0.008850045 0.219855025 0.975492418 -242.902908325
0.999961197 -0.003552961 -0.008060225 8.110517502 0.001690105 0.975431740 -0.220295534 -344.844268799 0.008644900 0.220273361 0.975399852 -244.118286133
0.999963999 -0.003446114 -0.007750806 8.146989822 0.001645358 0.975201368 -0.221313223 -346.166381836 0.008321268 0.221292511 0.975171983 -245.340240479
0.999969244 -0.003798117 -0.006858509 8.183703423 0.002179055 0.974992454 -0.222227186 -347.484893799 0.007531040 0.222205400 0.974970818 -246.569747925
0.999970198 -0.004145969 -0.006508738 8.224974632 0.002599018 0.975085378 -0.221814632 -348.785980225 0.007266211 0.221791118 0.975067139 -247.771057129
0.999969661 -0.004491853 -0.006359937 8.268490791 0.002965944 0.974980891 -0.222268969 -350.104309082 0.007199216 0.222243369 0.974964619 -248.991149902
0.999976516 -0.004973957 -0.004718076 8.295073509 0.003793649 0.974694610 -0.223508418 -351.422149658 0.005710404 0.223485261 0.974690557 -250.223907471
0.999974728 -0.005215129 -0.004827920 8.344469070 0.004004965 0.974723816 -0.223377258 -352.717926025 0.005870830 0.223352283 0.974720120 -251.432678223
0.999974847 -0.004251744 -0.005675646 8.391385078 0.002874647 0.974662066 -0.223664090 -353.969055176 0.006482799 0.223642156 0.974649787 -252.596725464
0.999964535 -0.005552565 -0.006332862 8.451066017 0.003992553 0.974567354 -0.224059269 -355.316314697 0.007415905 0.224026039 0.974554956 -253.851272583
0.999967992 -0.005783794 -0.005531286 8.468172073 0.004401139 0.974687696 -0.223527446 -356.624542236 0.006684113 0.223495945 0.974681914 -255.071136475
0.999960899 -0.005143015 -0.007192775 8.529356003 0.003407451 0.974753201 -0.223259017 -357.946441650 0.008159405 0.223225787 0.974732637 -256.295684814
0.999960124 -0.004037125 -0.007963495 8.574733734 0.002147655 0.974505663 -0.224352658 -359.258331299 0.008666212 0.224326611 0.974475503 -257.531372070
0.999954939 -0.005010741 -0.008064362 8.617875099 0.003069128 0.974384904 -0.224865958 -360.624816895 0.008984537 0.224831060 0.974356353 -258.802947998
0.999958336 -0.004363564 -0.008019892 8.653024673 0.002442035 0.974221110 -0.225581959 -361.902923584 0.008797489 0.225552961 0.974191189 -259.985717773
0.999957681 -0.004339020 -0.008115809 8.695560455 0.002386034 0.973955274 -0.226727635 -363.191253662 0.008888211 0.226698667 0.973924398 -261.199798584
0.999955356 -0.003681905 -0.008703661 8.748716354 0.001607688 0.973834038 -0.227254793 -364.509948730 0.009312651 0.227230653 0.973796427 -262.440155029
0.999946177 -0.004140494 -0.009511389 8.803967476 0.001852326 0.973421872 -0.229011908 -365.786956787 0.010206817 0.228981957 0.973377168 -263.638977051
0.999948084 -0.005465207 -0.008597801 8.829210281 0.003345588 0.973286390 -0.229569927 -367.023437500 0.009622770 0.229529247 0.973254204 -264.800750732
0.999945879 -0.005094792 -0.009071597 8.874443054 0.002866016 0.973051608 -0.230569601 -368.369842529 0.010001835 0.230531126 0.973013520 -266.068756104
0.999951780 -0.004930017 -0.008493314 8.907261848 0.002822851 0.972654402 -0.232240066 -369.671752930 0.009406007 0.232204899 0.972621441 -267.305114746
0.999952018 -0.004887913 -0.008486126 8.946366310 0.002771304 0.972350478 -0.233509764 -370.912841797 0.009392863 0.233475044 0.972317398 -268.491241455
0.999943495 -0.004572115 -0.009599035 9.012835503 0.002186126 0.971941233 -0.235213727 -372.250396729 0.010405122 0.235179454 0.971896291 -269.769287109
0.999946833 -0.005277853 -0.008860147 9.056545258 0.003020905 0.971339762 -0.237676084 -373.522796631 0.009860633 0.237636685 0.971304059 -270.983276367
0.999953032 -0.004752730 -0.008448007 9.096794128 0.002587689 0.970802426 -0.239866629 -374.916076660 0.009341367 0.239833489 0.970769107 -272.329864502
0.999948204 -0.004615342 -0.009070110 9.144401550 0.002280901 0.970215082 -0.242234364 -376.159912109 0.009917952 0.242201135 0.970175385 -273.530609131
0.999939859 -0.005133645 -0.009690046 9.196861267 0.002603227 0.969518721 -0.245003417 -377.444183350 0.010652442 0.244963452 0.969473779 -274.785186768
0.999938488 -0.004699758 -0.010046766 9.242139816 0.002069019 0.968929708 -0.247327715 -378.715759277 0.010896991 0.247291714 0.968879819 -276.029449463
0.999944746 -0.004385001 -0.009552665 9.276614189 0.001840502 0.967827559 -0.251607746 -380.031219482 0.010348633 0.251576275 0.967782140 -277.328491211
0.999952197 -0.005280920 -0.008227388 9.308176041 0.003004732 0.966833770 -0.255388826 -381.232238770 0.009303206 0.255351871 0.966803432 -278.525451660
0.999951780 -0.004755923 -0.008594547 9.372931480 0.002361999 0.965718031 -0.259582639 -382.514007568 0.009534464 0.259549797 0.965682685 -279.816711426
0.999958336 -0.005442365 -0.007329607 9.415189743 0.003301117 0.964104474 -0.265502632 -383.832916260 0.008511469 0.265467346 0.964082301 -281.156860352
0.999957621 -0.005971548 -0.007007237 9.457633018 0.003861886 0.962980211 -0.269544363 -385.049652100 0.008357428 0.269505858 0.962962508 -282.412231445
0.999947429 -0.005576004 -0.008607485 9.527175903 0.002999061 0.961578786 -0.274512708 -386.237945557 0.009807459 0.274472475 0.961544931 -283.652130127
0.999955595 -0.005480430 -0.007664229 9.560334206 0.003106627 0.959720254 -0.280940175 -387.583526611 0.008895189 0.280903876 0.959694684 -285.061035156
0.999958217 -0.005793146 -0.007071011 9.596173286 0.003520577 0.957938254 -0.286952823 -388.779632568 0.008435952 0.286915928 0.957918644 -286.331451416
0.999964833 -0.005114396 -0.006650160 9.629466057 0.002929118 0.955644369 -0.294508487 -390.031250000 0.007861421 0.294478625 0.955625713 -287.687011719
0.999951184 -0.005793883 -0.008001435 9.707787514 0.003103982 0.953204274 -0.302311122 -391.223724365 0.009378557 0.302271545 0.953175724 -289.004180908
0.999968767 -0.004997354 -0.006125324 9.724895477 0.002846466 0.950483143 -0.310763001 -392.383514404 0.007375010 0.310735881 0.950467706 -290.310302734
0.999986589 -0.003144876 -0.004113288 9.758147240 0.001660699 0.947247803 -0.320497841 -393.570190430 0.004904229 0.320486695 0.947240293 -291.670989990
0.999988019 -0.001643274 -0.004613376 9.814396858 0.000028244 0.943943143 -0.330108166 -394.747833252 0.004897222 0.330104053 0.943931818 -293.057617188
0.999971867 -0.004328260 -0.006123572 9.920705795 0.001886950 0.935568154 -0.353141129 -397.034240723 0.007257506 0.353119671 0.935550034 -295.844970703
0.999971330 -0.005287485 -0.005416969 9.936620712 0.002941831 0.930807889 -0.365496993 -398.120635986 0.006974717 0.365470588 0.930796742 -297.236938477
0.999968171 -0.005635775 -0.005651120 9.989551544 0.003076642 0.925546885 -0.378620505 -399.205932617 0.007364197 0.378591061 0.925534785 -298.656860352
0.999957025 -0.006046855 -0.007026193 10.047679901 0.002806450 0.919860065 -0.392236680 -400.212280273 0.008834912 0.392200083 0.919837475 -300.050872803
0.999948382 -0.007313404 -0.007050013 10.091728210 0.003811819 0.913453341 -0.406925619 -401.290802002 0.009415869 0.406877756 0.913434088 -301.538330078
0.999935687 -0.008545269 -0.007452720 10.119117737 0.004596220 0.906338334 -0.422527671 -402.252624512 0.010365299 0.422466278 0.906319380 -302.958496094
0.999940813 -0.008430747 -0.006878544 10.162058830 0.004558612 0.898617744 -0.438708842 -403.218048096 0.009879824 0.438651502 0.898602962 -304.432678223
0.999943256 -0.008760371 -0.006060378 10.211006165 0.005034239 0.890016913 -0.455899775 -404.224395752 0.009387691 0.455843389 0.890010476 -306.006408691
0.999941766 -0.009638061 -0.004856699 10.253397942 0.006191605 0.880876839 -0.473305017 -405.105499268 0.008839896 0.473247379 0.880885243 -307.487915039
0.999935865 -0.010290481 -0.004732096 10.305264473 0.006629089 0.870477319 -0.492163867 -405.888519287 0.009183785 0.492100924 0.870489717 -308.950225830
0.999914825 -0.011545360 -0.006090698 10.382880211 0.006820336 0.859931827 -0.510363281 -406.662811279 0.011129913 0.510278285 0.859937310 -310.452758789
0.999901116 -0.013066849 -0.005200455 10.414236069 0.008332625 0.848326862 -0.529407322 -407.380065918 0.011329371 0.529311597 0.848351836 -311.923889160
0.999882162 -0.014506832 -0.005024781 10.468709946 0.009373033 0.836047828 -0.548576534 -408.061492920 0.012159063 0.548464835 0.836085260 -313.451019287
0.999873877 -0.015581704 -0.003080597 10.504158020 0.011069951 0.822719872 -0.568339169 -408.727355957 0.011390162 0.568233430 0.822788596 -315.003784180
0.999856174 -0.016737666 -0.002727637 10.585782051 0.011921708 0.808132172 -0.588880599 -409.524444580 0.012060776 0.588763416 0.808215499 -316.747711182
0.999838352 -0.017936967 -0.001237957 10.632029533 0.013478340 0.793314695 -0.608662605 -410.127044678 0.011899650 0.608547568 0.793428183 -318.359558105
0.999813497 -0.019305412 -0.000560172 10.693034172 0.014663298 0.777639627 -0.628539264 -410.709533691 0.012569821 0.628413856 0.777777672 -320.001403809
0.999799550 -0.019996408 0.001025993 10.754678726 0.015900876 0.761798620 -0.647618771 -411.276885986 0.012168448 0.647505283 0.761963844 -321.683776855
0.999776721 -0.021028569 0.002079071 10.806392670 0.017048469 0.744570017 -0.667326689 -411.776367188 0.012484908 0.667213082 0.744762301 -323.375427246
0.999718964 -0.023112914 0.005274746 10.910524368 0.020098263 0.708285570 -0.705639899 -412.710174561 0.012573368 0.705547631 0.708550990 -326.857818604
0.999687195 -0.024011392 0.006993380 10.967739105 0.021623086 0.689357102 -0.724098921 -413.081176758 0.012565686 0.724023700 0.689660668 -328.592773438
0.999631763 -0.025543023 0.009160364 11.012590408 0.023930181 0.670624375 -0.741411030 -413.477203369 0.012794713 0.741357267 0.670988679 -330.380828857
0.999563038 -0.027392734 0.011105204 11.064038277 0.026259758 0.650493383 -0.759057820 -413.711120605 0.013568806 0.759017766 0.650928497 -332.059417725
0.999483049 -0.029679883 0.012357812 11.145092964 0.028310075 0.630329609 -0.775811255 -414.069854736 0.015236491 0.775760114 0.630843997 -333.925018311
0.999426603 -0.031253103 0.013026111 11.213404655 0.029383460 0.609406829 -0.792313099 -414.320953369 0.016824041 0.792241573 0.609975696 -335.747955322
0.999373794 -0.032075487 0.014939469 11.241407394 0.030976096 0.589001417 -0.807538152 -414.230499268 0.017102808 0.807495236 0.589626193 -337.271728516
0.999317527 -0.033471636 0.015623525 11.322640419 0.031876035 0.567710519 -0.822610855 -414.402587891 0.018664490 0.822547436 0.568390071 -339.098480225
0.999180436 -0.036244363 0.018021457 11.376339912 0.034871958 0.544732451 -0.837884605 -414.436584473 0.020551715 0.837826312 0.545549929 -340.841674805
0.999078453 -0.037884437 0.020174947 11.436938286 0.037011616 0.522388220 -0.851904213 -414.426849365 0.021734752 0.851865828 0.523308992 -342.588928223
0.998966217 -0.039372250 0.022722062 11.504054070 0.039379269 0.499805748 -0.865241826 -414.348297119 0.022709902 0.865242183 0.500839531 -344.313537598
0.998897433 -0.040643603 0.023496179 11.598114014 0.040031686 0.475964427 -0.878553033 -414.359161377 0.024524214 0.878524899 0.477066636 -346.179473877
0.998733222 -0.042985193 0.026157953 11.651584625 0.042845577 0.453871965 -0.890036225 -414.246887207 0.026386019 0.890029550 0.455138743 -347.957855225
0.998703539 -0.043561019 0.026337272 11.738577843 0.042550497 0.430402279 -0.901633739 -414.123840332 0.027940465 0.901585460 0.431697786 -349.764221191
0.998670757 -0.043641865 0.027425604 11.793298721 0.042808883 0.405916393 -0.912907124 -413.890808105 0.028708460 0.912867665 0.407245100 -351.516265869
0.998686671 -0.043849576 0.026498036 11.893217087 0.041251499 0.381474257 -0.923458576 -413.690032959 0.030384945 0.923338890 0.382782102 -353.320281982
0.998643339 -0.044974171 0.026244726 11.966356277 0.040589973 0.356627107 -0.933364630 -413.414154053 0.032617722 0.933163643 0.357968748 -355.118743896
0.998631597 -0.045325860 0.026087306 12.018953323 0.039702222 0.332384586 -0.942307949 -413.088897705 0.034039896 0.942054152 0.333729267 -356.883483887
0.998579860 -0.046134870 0.026642246 12.082793236 0.039568942 0.307415426 -0.950752378 -412.720794678 0.035672598 0.950456381 0.308804333 -358.652526855
0.998556554 -0.046471018 0.026930556 12.151478767 0.038933355 0.280860305 -0.958958745 -412.282836914 0.037000060 0.958623052 0.282264173 -360.372528076
0.998499513 -0.046929765 0.028220110 12.210767746 0.039321836 0.255788803 -0.965932667 -411.827941895 0.038112603 0.965592921 0.257250369 -362.121124268
0.998409510 -0.047880001 0.029765110 12.287860870 0.040043041 0.230596483 -0.972225189 -411.342437744 0.039686408 0.971870780 0.232147038 -363.841583252
0.998351991 -0.048563696 0.030575112 12.371861458 0.039886832 0.204161584 -0.978124261 -410.778594971 0.041259073 0.977731824 0.205762148 -365.526641846
0.998263478 -0.049468722 0.031981722 12.439397812 0.040291559 0.177349091 -0.983322918 -410.201202393 0.042971797 0.982904017 0.179034293 -367.228698730
0.998193324 -0.050864123 0.031983778 12.534891129 0.039379977 0.151791990 -0.987627685 -409.526916504 0.045379929 0.987102807 0.153520763 -368.885467529
0.998185337 -0.050776619 0.032369934 12.616240501 0.038568746 0.126283407 -0.991244256 -408.845611572 0.046244241 0.990693986 0.128012598 -370.564666748
0.998075902 -0.051815733 0.034053419 12.684844971 0.039115690 0.100048065 -0.994213402 -408.108245850 0.048108917 0.993632495 0.101882398 -372.181823730
0.998050272 -0.051998332 0.034523241 12.759387970 0.038305618 0.073592901 -0.996552527 -407.351470947 0.049278401 0.995931923 0.075441241 -373.828521729
0.997990608 -0.052662224 0.035233304 12.850447655 0.037751675 0.047617137 -0.998152018 -406.543457031 0.050887197 0.997476459 0.049509525 -375.409149170
0.997920275 -0.053198256 0.036400937 12.907545090 0.037606485 0.021838546 -0.999054074 -405.695343018 0.052352980 0.998345256 0.023793697 -376.990509033
0.997849762 -0.053939801 0.037234154 13.008287430 0.037086014 -0.003745198 -0.999305189 -404.800231934 0.054041762 0.998537242 -0.001736760 -378.519287109
0.997806430 -0.053616151 0.038828608 13.088722229 0.037283018 -0.029532671 -0.998868346 -403.891815186 0.054702181 0.998124838 -0.027468920 -380.058044434
0.997734308 -0.054071907 0.040031716 13.154474258 0.037030477 -0.055410385 -0.997776866 -402.906341553 0.056169860 0.996998549 -0.053282499 -381.564788818
0.997641861 -0.054766823 0.041367531 13.221226692 0.036887083 -0.080434680 -0.996077061 -401.893707275 0.057879359 0.995254159 -0.078224778 -382.994476318
0.997646451 -0.053621415 0.042735800 13.307550430 0.036978777 -0.104108334 -0.993878305 -400.844177246 0.057742313 0.993119419 -0.101880431 -384.468780518
0.997621834 -0.052941158 0.044135794 13.369001389 0.036897965 -0.130653262 -0.990741313 -399.756072998 0.058217473 0.990013659 -0.128389120 -385.885864258
0.997609735 -0.053055365 0.044271909 13.441098213 0.035497922 -0.156198740 -0.987087607 -398.599334717 0.059285507 0.986299753 -0.153941989 -387.277709961
0.997597694 -0.052506030 0.045187656 13.506017685 0.034942821 -0.181834340 -0.982708216 -397.455902100 0.059814770 0.981926441 -0.179562807 -388.662048340
0.997469723 -0.053588618 0.046716306 13.560650826 0.034694377 -0.206626534 -0.977804601 -396.212493896 0.062052023 0.976951301 -0.204244494 -390.012390137
0.997503638 -0.052649684 0.047059122 13.635311127 0.033717155 -0.230432510 -0.972503960 -394.939483643 0.062045980 0.971662939 -0.228082061 -391.351806641
0.997533917 -0.051398288 0.047794808 13.723073959 0.033152986 -0.255153179 -0.966332257 -393.643005371 0.061862808 0.965533674 -0.252819896 -392.655364990
0.997539222 -0.050114855 0.049030360 13.776120186 0.033111930 -0.279666781 -0.959526002 -392.376190186 0.061798666 0.958788335 -0.277319193 -393.886474609
0.997541308 -0.049467839 0.049640831 13.829398155 0.032339469 -0.303479314 -0.952289164 -391.004058838 0.062172648 0.951553166 -0.301133394 -395.107482910
0.997536600 -0.048440203 0.050737035 13.894644737 0.032077812 -0.328232050 -0.944052458 -389.667449951 0.062383603 0.943354368 -0.325869560 -396.261749268
0.997556269 -0.047759064 0.050995566 13.973793983 0.031022012 -0.351226687 -0.935776591 -388.270446777 0.062602803 0.935071826 -0.348886847 -397.431030273
0.997527480 -0.047389388 0.051895302 14.024393082 0.030433364 -0.374315023 -0.926802218 -386.844848633 0.063345775 0.926090062 -0.371947289 -398.507019043
0.997505009 -0.047622558 0.052113883 14.081406593 0.028937984 -0.397503972 -0.917144060 -385.399505615 0.064392217 0.916363835 -0.395134091 -399.592041016
0.997415960 -0.047945581 0.053503938 14.115334511 0.028481835 -0.419818640 -0.907160938 -383.915130615 0.065956309 0.906340659 -0.417368293 -400.621398926
0.997460723 -0.045931235 0.054428227 14.181615829 0.028532840 -0.442497849 -0.896315515 -382.441955566 0.065253258 0.895592511 -0.440063715 -401.612915039
0.997399390 -0.045202278 0.056135215 14.213488579 0.028842835 -0.463443756 -0.885656893 -380.944152832 0.066049218 0.884972751 -0.460934758 -402.562255859
0.997366607 -0.045495007 0.056480240 14.266043663 0.027475532 -0.483699322 -0.874802947 -379.435424805 0.067118615 0.874051094 -0.481175542 -403.474822998
0.997242153 -0.044981383 0.059032377 14.275852203 0.028425857 -0.503254294 -0.863670647 -377.943969727 0.068557397 0.862966835 -0.500587702 -404.342468262
0.997271538 -0.044362586 0.059003823 14.322348595 0.027127411 -0.523128867 -0.851821780 -376.367095947 0.068655618 0.851098180 -0.520498157 -405.190795898
0.997183740 -0.043829523 0.060857072 14.358349800 0.027272113 -0.543984890 -0.838651896 -374.741149902 0.069863021 0.837949753 -0.541257501 -406.003173828
0.997244835 -0.043079197 0.060389645 14.411277771 0.025669351 -0.563393354 -0.825789988 -373.096038818 0.069597490 0.825064957 -0.560735226 -406.790405273
0.997280240 -0.041810196 0.060695812 14.459506989 0.024993245 -0.582879543 -0.812174261 -371.465728760 0.069335505 0.811482370 -0.580249310 -407.524780273
0.997170985 -0.041727588 0.062520579 14.484254837 0.024840685 -0.602088451 -0.798042953 -369.817047119 0.070943326 0.797338307 -0.599348545 -408.204376221
0.997213423 -0.041668627 0.061880067 14.531048775 0.022704836 -0.620604277 -0.783795238 -368.199676514 0.071062699 0.783016086 -0.617928863 -408.856689453
0.997180521 -0.040810596 0.062972449 14.565445900 0.022501718 -0.637945652 -0.769752681 -366.544372559 0.071587063 0.768999398 -0.635228634 -409.469055176
0.997116685 -0.039559498 0.064756639 14.600912094 0.023023136 -0.655428767 -0.754906178 -364.960601807 0.072307058 0.754220366 -0.652628183 -410.009552002
0.997157335 -0.039473157 0.064180151 14.633398056 0.021006495 -0.672376752 -0.739911199 -363.149780273 0.072359860 0.739156127 -0.669636130 -410.568634033
0.997092545 -0.039715186 0.065032110 14.662206650 0.019770140 -0.689381957 -0.724128306 -361.390960693 0.073590845 0.723308623 -0.686592460 -411.060729980
0.997111797 -0.038727604 0.065331906 14.694031715 0.019020684 -0.705467582 -0.708487093 -359.654571533 0.073527545 0.707683504 -0.702693343 -411.536865234
0.997063339 -0.039096430 0.065849319 14.716565132 0.017374381 -0.721956730 -0.691720009 -357.923095703 0.074584141 0.690832734 -0.719157338 -411.942657471
0.997036576 -0.037973814 0.066903293 14.732934952 0.017209001 -0.737541556 -0.675082803 -356.169952393 0.074979410 0.674233556 -0.734702349 -412.326263428
0.997067809 -0.036392830 0.067314863 14.758173943 0.016942972 -0.752848268 -0.657976210 -354.422210693 0.074623480 0.657187402 -0.750024199 -412.665222168
0.996945083 -0.035344094 0.069651380 14.769038200 0.017580610 -0.767328858 -0.641013026 -352.658203125 0.076101527 0.640279293 -0.764363289 -412.956604004
0.996968925 -0.034449991 0.069757879 14.798914909 0.016621046 -0.781611085 -0.623544693 -350.936218262 0.076004639 0.622814178 -0.778669357 -413.202056885
0.996906877 -0.033860028 0.070923448 14.808485985 0.016121639 -0.795135260 -0.606217980 -349.210205078 0.076920286 0.605486274 -0.792129874 -413.413116455
0.996944129 -0.033276666 0.070675813 14.835912704 0.014749363 -0.808277011 -0.588617861 -347.392639160 0.076712869 0.587861598 -0.805316210 -413.595458984
0.996924341 -0.031875677 0.071595065 14.848896027 0.014787058 -0.820632339 -0.571265399 -345.674896240 0.076962687 0.570567071 -0.817636967 -413.734405518
0.996888220 -0.031415977 0.072297618 14.859747887 0.013766500 -0.833674788 -0.552084148 -343.893768311 0.077616960 0.551361501 -0.830648065 -413.825592041
0.996802568 -0.031033965 0.073630780 14.867786407 0.012977442 -0.846380830 -0.532419980 -342.045989990 0.078842789 0.531673133 -0.843271852 -413.879486084
0.996653259 -0.030061428 0.076016866 14.864867210 0.013272532 -0.858077526 -0.513348520 -340.337615967 0.080660351 0.512639463 -0.854806781 -413.895080566
0.996645689 -0.029166006 0.076464042 14.889189720 0.012519925 -0.869000435 -0.494653374 -338.473999023 0.080874324 0.493951470 -0.865720272 -413.882293701
0.996559501 -0.028338647 0.077885382 14.887615204 0.012138398 -0.879691720 -0.475389689 -336.694030762 0.081987016 0.474699527 -0.876321077 -413.821319580
0.996571362 -0.027556378 0.078013882 14.878832817 0.011120844 -0.889737487 -0.456337452 -334.873352051 0.081986874 0.455640435 -0.886380434 -413.726104736
0.996534169 -0.026390735 0.078886829 14.878377914 0.010800492 -0.899262786 -0.437275380 -333.091796875 0.082480006 0.436611861 -0.895861149 -413.580383301
0.996530533 -0.023904720 0.079721510 14.871504784 0.011614850 -0.908548474 -0.417618096 -331.401062012 0.082413897 0.417095125 -0.905118585 -413.398040771
0.996501803 -0.022404302 0.080511801 14.866609573 0.011526679 -0.917339802 -0.397938132 -329.685180664 0.082772203 0.397474110 -0.913872600 -413.188964844
0.996582270 -0.021748578 0.079691499 14.863704681 0.010039339 -0.925680161 -0.378174037 -327.947235107 0.081993580 0.377681583 -0.922298193 -412.928436279
0.996451795 -0.021874979 0.081273310 14.832683563 0.008793625 -0.933291197 -0.359012693 -326.227569580 0.083705060 0.358453542 -0.929787278 -412.644714355
0.996505678 -0.020277916 0.081026159 14.820140839 0.008369409 -0.940958142 -0.338419527 -324.538208008 0.083104663 0.337915093 -0.937500358 -412.320800781
0.996480882 -0.018315412 0.081795000 14.806006432 0.008643845 -0.948178887 -0.317619830 -322.775512695 0.083373614 0.317209095 -0.944683790 -411.946258545
0.996495843 -0.016882896 0.081920646 14.790379524 0.008261815 -0.954760075 -0.297262996 -321.050415039 0.083233215 0.296898156 -0.951274991 -411.540496826
0.996560097 -0.015740052 0.081364669 14.771834373 0.007384219 -0.961027741 -0.276353925 -319.335205078 0.082543515 0.276004106 -0.957605720 -411.093475342
0.996566653 -0.014978286 0.081428178 14.751680374 0.006387794 -0.966658473 -0.255989403 -317.615600586 0.082547523 0.255630642 -0.963243961 -410.612335205
0.996543229 -0.013739733 0.081931703 14.725600243 0.005885614 -0.972073793 -0.234601542 -315.916900635 0.082867019 0.234272793 -0.968632698 -410.087860107
0.996530473 -0.012273110 0.082319118 14.693341255 0.005671975 -0.976753831 -0.214289233 -314.228179932 0.083035506 0.214012668 -0.973295331 -409.535552979
0.996475816 -0.011884835 0.083034389 14.672811508 0.004462674 -0.980998039 -0.193967149 -312.551422119 0.083761834 0.193654135 -0.977487683 -408.949737549
0.996280909 -0.011679598 0.085369177 14.622611046 0.003331480 -0.984808207 -0.173613638 -310.897796631 0.086100005 0.173252374 -0.981106758 -408.326904297
0.996002197 -0.010640852 0.088692725 14.554583549 0.003146188 -0.988085151 -0.153875962 -309.345458984 0.089273334 0.153539851 -0.984101415 -407.698394775
0.996230721 -0.008516231 0.086323790 14.556303024 0.003070499 -0.991083026 -0.133210286 -307.699676514 0.086688496 0.132973239 -0.987321138 -407.003204346
0.996270716 -0.007598880 0.085947104 14.521815300 0.002181558 -0.993577361 -0.113133512 -306.046295166 0.086254783 0.112899102 -0.989855409 -406.271911621
0.996293962 -0.005340520 0.085847884 14.485995293 0.002612938 -0.995730877 -0.092267565 -304.418060303 0.085974142 0.092149936 -0.992026687 -405.508392334
0.996333838 -0.004381969 0.085438453 14.438522339 0.001836399 -0.997361779 -0.072567739 -302.878875732 0.085531034 0.072458588 -0.993697286 -404.745849609
0.996340990 -0.003548496 0.085393772 14.383486748 0.001030433 -0.998566508 -0.053517617 -301.445648193 0.085461259 0.053409785 -0.994909048 -403.970336914
0.996447623 -0.001485677 0.084201552 14.343738556 0.001309527 -0.999450088 -0.033131626 -299.821289062 0.084204473 0.033124197 -0.995897770 -403.105651855
0.996440232 0.000030782 0.084301971 14.287701607 0.001169375 -0.999908924 -0.013456793 -298.329467773 0.084293865 0.013507470 -0.996349573 -402.251525879
0.996436298 0.002322142 0.084316678 14.232879639 0.001766409 -0.999976397 0.006665023 -296.823730469 0.084330149 -0.006492333 -0.996416926 -401.355895996
0.996514559 0.003720174 0.083335906 14.184281349 0.001562152 -0.999662161 0.025945712 -295.334808350 0.083404273 -0.025725096 -0.996183634 -400.433258057
0.996611059 0.004055706 0.082158200 14.135591507 0.000237506 -0.998921633 0.046430312 -293.806549072 0.082257904 -0.046253450 -0.995537281 -399.440490723
0.996707857 0.006108485 0.080846496 14.083448410 0.000688480 -0.997759581 0.066899449 -292.317077637 0.081074007 -0.066623539 -0.994479060 -398.431152344
0.996739507 0.007311276 0.080354601 14.035801888 0.000435988 -0.996359825 0.085248314 -290.921386719 0.080685362 -0.084935330 -0.993114352 -397.453186035
0.996832073 0.009747140 0.078935362 13.983235359 0.001235746 -0.994240522 0.107165776 -289.335693359 0.079525284 -0.106728740 -0.991102934 -396.287139893
0.996883452 0.011084827 0.078106038 13.922383308 0.001225375 -0.992135286 0.125164345 -287.977386475 0.078879185 -0.124678560 -0.989056826 -395.242095947
0.996879816 0.012594767 0.077923179 13.863344193 0.001222213 -0.989532828 0.144302845 -286.568450928 0.078924999 -0.143757343 -0.986460686 -394.120452881
0.996805847 0.013695247 0.078680381 13.763442039 0.000687641 -0.986622334 0.163021475 -285.182403564 0.079860434 -0.162446648 -0.983480334 -392.977203369
0.997050881 0.013388403 0.075566597 13.726331711 -0.000390806 -0.983766437 0.179453790 -283.873077393 0.076742478 -0.178954095 -0.980859995 -391.866668701
0.997101426 0.014133432 0.074759647 13.656528473 -0.001000713 -0.980073690 0.198631465 -282.498291016 0.076077312 -0.198130518 -0.977218747 -390.636291504
0.997000217 0.016199719 0.075684711 13.562689781 -0.000649730 -0.976065040 0.217478037 -281.175170898 0.077396274 -0.216874808 -0.973126531 -389.426239014
0.997185349 0.016660552 0.073100992 13.529494286 -0.000946497 -0.972123027 0.234469324 -279.921630859 0.074969552 -0.233878583 -0.969371080 -388.224060059
0.997201383 0.018717760 0.072381459 13.454994202 -0.000068961 -0.967921495 0.251253426 -278.623321533 0.074762456 -0.250555277 -0.965211391 -386.954833984
0.997292519 0.020724889 0.070555836 13.389136314 0.001136917 -0.963695049 0.267003179 -277.385406494 0.073527917 -0.266200066 -0.961109400 -385.680847168
0.997304142 0.022046810 0.069988772 13.298727036 0.001369830 -0.959224701 0.282641143 -276.156921387 0.073366299 -0.281783313 -0.956668973 -384.396636963
0.997452915 0.023577910 0.067318179 13.245526314 0.002541381 -0.954934478 0.296806157 -274.918243408 0.071282513 -0.295879066 -0.952562094 -383.070678711
0.997575939 0.024439897 0.065153606 13.171762466 0.003018416 -0.950611115 0.310370207 -273.739990234 0.069521151 -0.309421182 -0.948380589 -381.772552490
0.997682571 0.024622524 0.063428611 13.107761383 0.002761876 -0.946110845 0.323831201 -272.588531494 0.067984045 -0.322905540 -0.943986297 -380.483520508
0.997675657 0.026047897 0.062966913 13.041125298 0.003244756 -0.941166997 0.337926775 -271.442260742 0.068064645 -0.336936980 -0.939063907 -379.139862061
0.997666121 0.026740074 0.062827177 12.980504990 0.002971884 -0.936260939 0.351292849 -270.325286865 0.068216227 -0.350286245 -0.934155226 -377.776428223
0.997671366 0.026911035 0.062670477 12.918439865 0.002265881 -0.931437969 0.363893151 -269.189331055 0.068166398 -0.362903774 -0.929329991 -376.347869873
0.997746766 0.026053550 0.061827090 12.846586227 0.000997709 -0.927182674 0.374608278 -268.114044189 0.067084879 -0.373702526 -0.925119519 -374.979125977
0.997781157 0.026400715 0.061121155 12.785079956 0.000761587 -0.922487140 0.386027098 -267.054504395 0.066574872 -0.385124028 -0.920460463 -373.576263428
0.997739434 0.028226322 0.060986511 12.718140602 0.001680149 -0.917707205 0.397254199 -265.993469238 0.067180775 -0.396253675 -0.915680051 -372.134246826
0.997669458 0.028469857 0.062009245 12.627644539 0.000752082 -0.913326025 0.407228500 -264.938354492 0.068228394 -0.406232804 -0.911218882 -370.703308105
0.997743785 0.028504621 0.060785372 12.572607040 0.000608256 -0.909194112 0.416372359 -263.926513672 0.067134231 -0.415395975 -0.907160044 -369.301300049
0.997762263 0.029045258 0.060223304 12.492097855 0.000595997 -0.904543638 0.426380515 -262.904571533 0.066858940 -0.425390482 -0.902536869 -367.784729004
0.997752011 0.029966190 0.059941608 12.422402382 0.000971841 -0.900830746 0.434169382 -261.906188965 0.067007646 -0.433135122 -0.898834825 -366.358581543
0.997781873 0.029541828 0.059653785 12.340445518 0.000110316 -0.896866202 0.442302078 -260.923950195 0.066567868 -0.441314429 -0.894880056 -364.915344238
0.997849524 0.029872049 0.058343396 12.283617020 0.000404584 -0.892902493 0.450249910 -259.970489502 0.065544851 -0.449258089 -0.890994430 -363.431945801
0.997873962 0.029596627 0.058064990 12.208250046 -0.000324007 -0.888674140 0.458539248 -258.995819092 0.065172069 -0.457583189 -0.886775136 -361.876922607
0.997892022 0.030770168 0.057138134 12.155193329 0.000767152 -0.885980248 0.463722318 -258.054687500 0.064892076 -0.462700933 -0.884136200 -360.465942383
0.997899175 0.031998307 0.056332678 12.082295418 0.001707956 -0.882206798 0.470859110 -257.091247559 0.064763762 -0.469773710 -0.880408049 -358.916992188
0.997839510 0.034136139 0.056134287 12.018468857 0.003288948 -0.879302025 0.476253182 -256.174804688 0.065616436 -0.475039631 -0.877514601 -357.483123779
0.997893929 0.034080472 0.055192329 11.957261086 0.003280192 -0.876283169 0.481785417 -255.259414673 0.064783581 -0.480589688 -0.874549508 -355.985809326
0.997951448 0.033444073 0.054538496 11.878102303 0.002669610 -0.873507857 0.486803234 -254.349761963 0.063920476 -0.485660374 -0.871807694 -354.473785400
0.997868419 0.035094753 0.055017732 11.770498276 0.003450193 -0.870274663 0.492554635 -253.396682739 0.065166622 -0.491314918 -0.868540764 -352.800384521