1.000000000 -0.000235840 -0.000033740 -0.000673598 0.000235842 1.000000000 0.000043903 0.002704198 0.000033729 -0.000043911 1.000000000 0.001476854
0.999999940 -0.000247638 -0.000289226 0.002142672 0.000247615 0.999999940 -0.000079845 0.005630335 0.000289246 0.000079773 0.999999940 -0.005001085
0.999999940 -0.000231377 -0.000237626 0.001611585 0.000231373 1.000000000 -0.000015835 0.003950403 0.000237629 0.000015781 1.000000000 -0.005814475
0.999999821 -0.000538860 -0.000344497 0.001459027 0.000538859 0.999999881 -0.000003095 0.003374870 0.000344498 0.000002909 0.999999940 -0.009608109
1.000000000 -0.000121343 -0.000202169 0.001853069 0.000121326 1.000000000 -0.000085456 0.002428267 0.000202179 0.000085432 1.000000000 -0.004041772
0.999999940 -0.000249103 -0.000210143 0.001657019 0.000249118 0.999999940 0.000069659 0.001270205 0.000210126 -0.000069711 1.000000000 -0.002739436
1.000000000 -0.000077820 0.000002248 -0.000236557 0.000077820 1.000000000 0.000094429 -0.000921839 -0.000002256 -0.000094429 1.000000000 -0.001493307
0.999999940 -0.000270999 -0.000184384 -0.000882904 0.000271003 0.999999940 0.000019557 -0.000783270 0.000184379 -0.000019607 1.000000000 -0.004357809
0.999999940 -0.000237489 -0.000064494 -0.002772020 0.000237479 0.999999940 -0.000161471 0.003922561 0.000064533 0.000161456 1.000000000 -0.005748082
0.999999940 -0.000178466 -0.000236073 0.000083959 0.000178443 1.000000000 -0.000096437 0.003172659 0.000236090 0.000096394 0.999999940 -0.006904570
1.000000000 -0.000093148 -0.000063072 -0.001343049 0.000093143 1.000000000 -0.000082166 0.004786644 0.000063080 0.000082160 1.000000000 -0.007275251
1.000000000 -0.000126460 -0.000022532 -0.000635336 0.000126457 1.000000000 -0.000137724 0.003404138 0.000022549 0.000137721 1.000000000 -0.006792146
0.999999881 -0.000453051 -0.000176525 -0.000632960 0.000453056 0.999999881 0.000029276 -0.001708918 0.000176512 -0.000029356 1.000000000 -0.003947640
0.999999702 -0.000691840 -0.000353932 0.000906215 0.000691857 0.999999762 0.000049482 -0.002819916 0.000353898 -0.000049727 0.999999940 0.002834942
0.999999940 -0.000241481 -0.000087915 -0.001392770 0.000241480 1.000000000 -0.000014389 -0.000574449 0.000087919 0.000014367 1.000000000 -0.004148165
0.999999881 -0.000444210 -0.000205449 0.000123332 0.000444201 0.999999881 -0.000042092 0.000487770 0.000205468 0.000042000 1.000000000 -0.001268679
1.000000000 -0.000213773 0.000065060 -0.004653738 0.000213776 1.000000000 -0.000044544 -0.003213370 -0.000065051 0.000044557 1.000000000 -0.003535979
1.000000000 0.000117214 0.000042652 -0.000921695 -0.000117211 1.000000000 -0.000083204 0.005469556 -0.000042662 0.000083199 1.000000000 -0.004761789
1.000000000 -0.000194197 -0.000118386 -0.000443160 0.000194185 1.000000000 -0.000097969 0.000930359 0.000118405 0.000097946 1.000000000 -0.005390140
1.000000000 -0.000161352 -0.000077726 0.000117981 0.000161348 1.000000000 -0.000046996 0.004691309 0.000077734 0.000046984 1.000000000 -0.005581837
1.000000000 -0.000228847 -0.000040890 -0.001355521 0.000228841 0.999999940 -0.000149972 0.003705708 0.000040924 0.000149962 1.000000000 -0.005906196
1.000000000 0.000203800 0.000022142 0.003246321 -0.000203795 0.999999940 -0.000199858 0.004543712 -0.000022183 0.000199854 1.000000000 -0.001292941
1.000000000 -0.000045089 -0.000000646 -0.000580084 0.000045089 1.000000000 -0.000096021 -0.001443415 0.000000650 0.000096021 1.000000000 -0.002314363
0.999999940 -0.000204744 -0.000170379 0.000365439 0.000204728 1.000000000 -0.000092583 0.000335544 0.000170397 0.000092548 1.000000000 -0.002440182
0.999999940 0.000375179 0.000032866 0.000586784 -0.000375178 0.999999940 -0.000022565 0.003644463 -0.000032874 0.000022553 1.000000000 -0.003803615
0.999999940 -0.000107094 -0.000356229 0.002349174 0.000107048 1.000000000 -0.000129284 0.004416369 0.000356243 0.000129245 0.999999940 -0.004369769
0.999999940 -0.000047959 -0.000274562 0.002281761 0.000047956 1.000000000 -0.000010836 0.002631748 0.000274562 0.000010823 0.999999940 -0.006603356
1.000000000 -0.000066771 -0.000114565 0.001851280 0.000066779 1.000000000 0.000067403 -0.000015495 0.000114560 -0.000067411 1.000000000 -0.005557275
0.999999940 -0.000136134 -0.000210897 0.002039445 0.000136133 1.000000000 -0.000003977 -0.001971358 0.000210897 0.000003949 1.000000000 -0.004550376
1.000000000 -0.000066155 -0.000114335 0.000183303 0.000066151 1.000000000 -0.000035630 0.000456005 0.000114337 0.000035622 1.000000000 -0.002426080
0.999999940 0.000168071 -0.000208989 0.005987730 -0.000168074 1.000000000 -0.000015728 0.005158247 0.000208986 0.000015763 1.000000000 -0.004305239
1.000000000 -0.000021811 -0.000195952 0.001558464 0.000021806 1.000000000 -0.000026331 0.002050243 0.000195953 0.000026326 1.000000000 -0.004892938
0.999999821 -0.000502637 -0.000323720 0.000755206 0.000502656 0.999999881 0.000058602 -0.000962835 0.000323691 -0.000058765 0.999999940 -0.004723482
0.999999821 -0.000432691 -0.000354434 0.001191562 0.000432699 0.999999881 0.000023008 -0.000238734 0.000354424 -0.000023161 0.999999940 -0.003019142
0.999999821 -0.000529649 -0.000344155 0.001753744 0.000529653 0.999999881 0.000011947 -0.001458257 0.000344148 -0.000012129 0.999999940 -0.005678718
0.999999940 -0.000211892 -0.000350356 0.003512577 0.000211916 1.000000000 0.000069729 -0.000476700 0.000350341 -0.000069803 0.999999940 -0.005896136
0.999999821 -0.000366419 -0.000419515 0.003298195 0.000366419 0.999999940 -0.000000133 0.000196604 0.000419515 -0.000000021 0.999999940 -0.005990284
0.999999940 -0.000278423 -0.000216614 0.000368618 0.000278430 0.999999940 0.000036807 -0.000762596 0.000216603 -0.000036868 1.000000000 -0.004163623
0.999999940 -0.000367619 -0.000150169 -0.002370851 0.000367601 0.999999940 -0.000120962 0.000511131 0.000150214 0.000120907 1.000000000 0.000825823
1.000000000 -0.000075664 -0.000228071 0.002327480 0.000075677 1.000000000 0.000056122 -0.001178282 0.000228067 -0.000056140 1.000000000 0.000007718
1.000000000 -0.000153129 -0.000151217 -0.001023118 0.000153135 1.000000000 0.000043999 -0.006137268 0.000151210 -0.000044022 1.000000000 -0.000022178
0.999999940 -0.000174788 -0.000185864 -0.000106522 0.000174778 1.000000000 -0.000054654 -0.000698498 0.000185873 0.000054622 1.000000000 -0.003630779
0.999999940 -0.000306376 -0.000079409 -0.001569258 0.000306377 0.999999940 0.000010191 0.001446726 0.000079406 -0.000010215 1.000000000 -0.008409658
0.999998927 -0.001336405 -0.000600271 -0.001171832 0.001336472 0.999999106 0.000110821 -0.010936159 0.000600122 -0.000111623 0.999999821 -0.001584182
0.999999642 -0.000718233 -0.000385439 -0.000149386 0.000718234 0.999999762 0.000002902 -0.004619475 0.000385437 -0.000003179 0.999999940 -0.000720109
0.999999940 -0.000221110 -0.000264114 0.002225566 0.000221115 1.000000000 0.000017565 0.000825030 0.000264110 -0.000017623 0.999999940 -0.004208071
0.999999940 -0.000171974 -0.000346022 0.003597575 0.000171935 1.000000000 -0.000111588 0.000327240 0.000346041 0.000111528 0.999999940 -0.005734717
1.000000000 -0.000210557 -0.000088136 -0.001477250 0.000210564 1.000000000 0.000079730 -0.004568200 0.000088119 -0.000079749 1.000000000 -0.003640871
0.999999940 -0.000126860 -0.000226065 0.002429765 0.000126826 1.000000000 -0.000148657 0.003133205 0.000226083 0.000148628 0.999999940 -0.004892814
0.999999940 -0.000347001 -0.000221116 0.001980049 0.000347009 0.999999940 0.000033916 0.002098236 0.000221104 -0.000033993 1.000000000 -0.005566768
0.999999821 -0.000458994 -0.000302206 0.001796928 0.000458980 0.999999881 -0.000044610 0.004646483 0.000302227 0.000044471 0.999999940 -0.003848403
0.999999821 0.000524862 0.000375585 -0.001756155 -0.000524827 0.999999881 -0.000093970 0.002831761 -0.000375634 0.000093773 0.999999940 -0.002562829
1.000000000 -0.000100944 0.000192771 -0.002920685 0.000100960 1.000000000 -0.000083937 0.002965620 -0.000192762 0.000083957 1.000000000 -0.002148024
0.999999762 -0.000663978 -0.000192981 -0.005526944 0.000663994 0.999999762 0.000078818 -0.005324754 0.000192929 -0.000078946 1.000000000 -0.001440132
0.999999940 -0.000296781 -0.000196835 -0.000233068 0.000296790 0.999999940 0.000046793 0.000543644 0.000196821 -0.000046852 1.000000000 0.001045981
0.999999940 0.000019691 -0.000251122 0.002420169 -0.000019677 1.000000000 0.000056372 -0.001488080 0.000251123 -0.000056367 0.999999940 -0.000939358
1.000000000 -0.000041018 0.000008249 -0.002312529 0.000041017 1.000000000 0.000052772 -0.000956157 -0.000008251 -0.000052772 1.000000000 -0.003169449
1.000000000 -0.000118654 -0.000064808 -0.000379799 0.000118654 1.000000000 -0.000003976 0.001039607 0.000064809 0.000003969 1.000000000 -0.005111511
0.999999940 -0.000366221 -0.000015396 -0.002080783 0.000366222 0.999999940 0.000074692 -0.002980313 0.000015368 -0.000074697 1.000000000 -0.000230402
0.999999404 -0.000959434 -0.000462448 -0.000508615 0.000959493 0.999999523 0.000127060 -0.004405947 0.000462326 -0.000127503 0.999999881 -0.002272768
0.999999583 -0.000812277 -0.000364207 -0.000987857 0.000812320 0.999999642 0.000117999 -0.005522557 0.000364111 -0.000118295 0.999999940 -0.000265659
0.999999821 -0.000557465 -0.000209285 -0.001470728 0.000557462 0.999999821 -0.000014172 -0.000367754 0.000209293 0.000014056 1.000000000 -0.002851695
0.999999940 -0.000237498 -0.000311808 0.002995387 0.000237476 0.999999940 -0.000070550 -0.001370860 0.000311825 0.000070475 0.999999940 -0.000831743
0.999999523 -0.000831496 -0.000461256 -0.001595177 0.000831504 0.999999642 0.000017264 -0.001164721 0.000461241 -0.000017648 0.999999881 -0.006557159
1.000000000 -0.000141709 -0.000141267 0.000260921 0.000141724 1.000000000 0.000110515 -0.003056343 0.000141252 -0.000110535 1.000000000 -0.006240829
0.999999881 -0.000282642 -0.000333215 0.003584272 0.000282634 0.999999940 -0.000023265 0.002459149 0.000333222 0.000023171 0.999999940 -0.005188270
0.999999821 -0.000508789 -0.000251092 -0.001389831 0.000508803 0.999999881 0.000053149 0.000965438 0.000251065 -0.000053276 0.999999940 -0.003500844
0.999999940 -0.000391793 -0.000060258 -0.003432271 0.000391803 0.999999881 0.000166093 -0.001165512 0.000060193 -0.000166117 1.000000000 -0.006032116
1.000000000 -0.000083640 -0.000114108 0.002838583 0.000083638 1.000000000 -0.000023590 0.007678143 0.000114110 0.000023581 1.000000000 -0.004016202
1.000000000 -0.000222651 -0.000038907 -0.002537317 0.000222651 1.000000000 -0.000014035 0.001894138 0.000038910 0.000014026 1.000000000 -0.003123437
0.999999762 -0.000627165 -0.000344275 -0.000383097 0.000627143 0.999999821 -0.000062550 0.002518947 0.000344314 0.000062334 0.999999940 -0.004053114
0.999999940 -0.000321195 -0.000150146 -0.001130547 0.000321202 0.999999940 0.000045738 -0.002587366 0.000150131 -0.000045786 1.000000000 -0.003383686
1.000000000 -0.000059867 -0.000096356 -0.000052365 0.000059860 1.000000000 -0.000079610 0.003764636 0.000096360 0.000079604 1.000000000 -0.006090848
0.999999940 0.000029106 -0.000263728 0.006296400 -0.000029094 1.000000000 0.000043519 0.008157762 0.000263730 -0.000043511 0.999999940 -0.006590703
1.000000000 -0.000052404 -0.000134324 0.002884741 0.000052396 1.000000000 -0.000060699 0.006911404 0.000134327 0.000060692 1.000000000 -0.006273639
0.999999762 -0.000682121 -0.000231386 -0.000490153 0.000682093 0.999999762 -0.000124464 0.001707035 0.000231471 0.000124306 0.999999940 -0.001271054
0.999999940 -0.000201557 -0.000147849 0.001724348 0.000201562 1.000000000 0.000037868 0.000686526 0.000147841 -0.000037897 1.000000000 -0.000441341
0.999999940 -0.000270218 -0.000263332 0.000564561 0.000270206 0.999999940 -0.000046220 0.000439308 0.000263344 0.000046149 0.999999940 -0.002790265
0.999999881 -0.000469725 -0.000257353 0.000292222 0.000469717 0.999999881 -0.000031241 0.005249063 0.000257367 0.000031120 0.999999940 -0.004876128
0.999999762 -0.000558224 -0.000330027 0.000088517 0.000558240 0.999999821 0.000049252 0.003408034 0.000330000 -0.000049436 0.999999940 -0.005527457
0.999999881 -0.000178087 -0.000439924 0.005136280 0.000178086 1.000000000 -0.000003253 0.001163065 0.000439925 0.000003175 0.999999881 -0.002369474
0.999999821 -0.000503589 -0.000292946 0.001806573 0.000503587 0.999999881 -0.000006934 -0.001625735 0.000292950 0.000006786 0.999999940 -0.001134638
0.999999940 -0.000262930 -0.000103709 -0.001472805 0.000262932 0.999999940 0.000013792 -0.000330195 0.000103706 -0.000013819 1.000000000 -0.001027327
0.999999881 -0.000433276 0.000031676 -0.005348834 0.000433282 0.999999881 -0.000177815 0.004974952 -0.000031599 0.000177829 1.000000000 -0.002176292
0.999999881 -0.000469133 -0.000078033 -0.004297458 0.000469147 0.999999881 0.000184030 -0.004448777 0.000077947 -0.000184066 1.000000000 -0.002078072
1.000000000 -0.000158060 -0.000075441 -0.002010701 0.000158057 1.000000000 -0.000039887 0.002135316 0.000075448 0.000039875 1.000000000 -0.004968742
0.999999821 -0.000551933 -0.000127562 -0.002554464 0.000551926 0.999999821 -0.000058576 0.003640655 0.000127594 0.000058506 1.000000000 -0.006334052
0.999999881 -0.000468758 -0.000137364 -0.001781739 0.000468751 0.999999881 -0.000053939 0.002156959 0.000137389 0.000053875 1.000000000 -0.000210126
0.999999940 -0.000259487 -0.000162810 0.001276211 0.000259478 0.999999940 -0.000055334 0.003921453 0.000162825 0.000055292 1.000000000 -0.002729962
1.000000000 -0.000204782 0.000035259 -0.002491524 0.000204790 0.999999940 -0.000239951 0.009930165 -0.000035209 0.000239958 1.000000000 -0.004851431
0.999999940 -0.000066137 -0.000277231 0.003995576 0.000066153 1.000000000 0.000054584 -0.000941552 0.000277227 -0.000054603 0.999999940 -0.003119656
0.999999940 -0.000223473 -0.000342120 0.002127524 0.000223481 1.000000000 0.000023308 -0.000859368 0.000342115 -0.000023385 0.999999940 -0.005069655
0.999999821 -0.000395699 -0.000460797 0.002735778 0.000395692 0.999999940 -0.000014161 0.002173276 0.000460803 0.000013979 0.999999881 -0.005859305
0.999999940 -0.000318690 -0.000239492 0.001441768 0.000318673 0.999999940 -0.000071733 0.002607665 0.000239514 0.000071657 0.999999940 -0.006304149
0.999999821 -0.000524085 -0.000375951 0.001819470 0.000524057 0.999999881 -0.000074590 0.000747202 0.000375990 0.000074393 0.999999940 -0.002195350
0.999999702 -0.000648076 -0.000343281 0.000351355 0.000648031 0.999999762 -0.000132792 0.004863656 0.000343367 0.000132570 0.999999940 -0.004295005
0.999999940 -0.000190157 -0.000225963 0.002707541 0.000190142 1.000000000 -0.000066184 0.003659287 0.000225975 0.000066141 1.000000000 -0.007073364
0.999999940 -0.000130435 -0.000225361 0.000590262 0.000130428 1.000000000 -0.000028443 0.007492385 0.000225365 0.000028413 1.000000000 -0.002282395
0.999999881 -0.000427084 -0.000168976 -0.004006226 0.000427095 0.999999881 0.000063651 -0.003530176 0.000168949 -0.000063723 1.000000000 -0.004313421
1.000000000 0.000050259 -0.000038342 -0.000136237 -0.000050260 1.000000000 -0.000036993 0.000682933 0.000038340 0.000036995 1.000000000 -0.005147342
0.999999940 0.000277864 -0.000241527 0.005277446 -0.000277849 0.999999940 0.000064002 0.007999721 0.000241545 -0.000063935 0.999999940 -0.009025398
0.999999881 -0.000381501 -0.000223870 0.000661241 0.000381450 0.999999881 -0.000228007 0.006599387 0.000223957 0.000227922 0.999999940 -0.005234764
0.999999881 -0.000370121 -0.000209301 0.001334030 0.000370081 0.999999940 -0.000190015 0.001755125 0.000209372 0.000189937 0.999999940 0.001851365
0.999999881 -0.000338553 -0.000290189 0.001837073 0.000338526 0.999999940 -0.000093833 0.003570525 0.000290221 0.000093734 0.999999940 -0.004437776
1.000000000 -0.000029199 0.000049900 -0.001835481 0.000029205 1.000000000 -0.000114680 0.001762428 -0.000049896 0.000114682 1.000000000 -0.003011686
0.999999881 -0.000338817 -0.000314406 0.001483560 0.000338821 0.999999940 0.000012547 0.002766134 0.000314402 -0.000012653 0.999999940 -0.004802894
0.999999940 -0.000279320 -0.000312269 0.000553952 0.000279351 0.999999940 0.000099011 -0.001487186 0.000312241 -0.000099098 0.999999940 -0.004320540
0.999999464 -0.000769527 -0.000682772 0.002678853 0.000769580 0.999999702 0.000077691 -0.003190681 0.000682712 -0.000078217 0.999999762 -0.005263031
0.999999940 -0.000012366 -0.000334869 0.004456377 0.000012358 1.000000000 -0.000026467 0.006288013 0.000334869 0.000026463 0.999999940 -0.006428262
1.000000000 -0.000052102 -0.000195953 0.004285112 0.000052085 1.000000000 -0.000088383 0.004812319 0.000195958 0.000088372 1.000000000 -0.005563036
0.999999821 -0.000571557 -0.000217754 -0.002249895 0.000571535 0.999999821 -0.000101150 0.000330926 0.000217811 0.000101026 1.000000000 -0.005530484
1.000000000 -0.000017087 -0.000027251 -0.002017270 0.000017083 1.000000000 -0.000123263 0.003529976 0.000027253 0.000123262 1.000000000 -0.001690975
0.999999881 -0.000418108 -0.000215235 -0.001539338 0.000418106 0.999999940 -0.000008791 0.000373495 0.000215238 0.000008701 1.000000000 -0.005807390
0.999999940 -0.000352664 -0.000067040 -0.002933838 0.000352662 0.999999940 -0.000041094 -0.001151962 0.000067054 0.000041070 1.000000000 -0.002346833
1.000000000 -0.000203502 -0.000089788 0.000202862 0.000203502 1.000000000 0.000006639 0.002468063 0.000089786 -0.000006657 1.000000000 -0.005106071
0.999999940 -0.000092097 -0.000264761 0.002724714 0.000092078 1.000000000 -0.000073157 0.006831592 0.000264768 0.000073133 0.999999940 -0.003878770
0.999999940 0.000223166 -0.000162301 0.004051946 -0.000223174 1.000000000 -0.000048508 0.006154777 0.000162290 0.000048545 1.000000000 -0.006070258
1.000000000 0.000078318 -0.000178456 0.000075109 -0.000078338 1.000000000 -0.000115353 0.006366597 0.000178447 0.000115367 1.000000000 -0.006393999
0.999999940 -0.000111681 -0.000386695 0.001782961 0.000111612 1.000000000 -0.000178323 0.021485457 0.000386715 0.000178280 0.999999881 -0.013646066
0.999999940 0.000290961 -0.000070330 0.000382829 -0.000290971 0.999999940 -0.000143637 0.043757137 0.000070289 0.000143657 1.000000000 -0.027496602
1.000000000 -0.000038039 -0.000225945 -0.002620909 0.000038027 1.000000000 -0.000055549 0.070298187 0.000225947 0.000055541 1.000000000 -0.045742668
0.999999821 0.000557794 -0.000228294 0.002176012 -0.000557749 0.999999821 0.000197198 0.113045245 0.000228404 -0.000197070 0.999999940 -0.075067177
0.999999762 -0.000382226 -0.000559452 -0.000001187 0.000382350 0.999999881 0.000221866 0.168457076 0.000559367 -0.000222080 0.999999821 -0.108139746
0.999999642 -0.000147886 -0.000810775 0.005364657 0.000148047 0.999999940 0.000198678 0.254162490 0.000810746 -0.000198798 0.999999642 -0.158373892
0.999999940 0.000082888 -0.000345263 -0.001639633 -0.000082829 1.000000000 0.000171615 0.355485737 0.000345278 -0.000171587 0.999999940 -0.216989145
1.000000000 0.000099257 0.000142475 -0.006435334 -0.000099288 1.000000000 0.000216105 0.476908654 -0.000142454 -0.000216119 0.999999940 -0.286480814
0.999999940 -0.000067321 -0.000281500 0.000548421 0.000067500 0.999999821 0.000635275 0.603670895 0.000281457 -0.000635294 0.999999762 -0.375156611
1.000000000 0.000188360 -0.000079970 0.005300351 -0.000188329 0.999999881 0.000385247 0.778040767 0.000080042 -0.000385232 0.999999940 -0.460416496
0.999999702 0.000668006 0.000359721 0.000014050 -0.000668203 0.999999642 0.000547322 0.970539391 -0.000359356 -0.000547562 0.999999762 -0.567759335
1.000000000 0.000157465 -0.000015905 0.004289597 -0.000157453 0.999999762 0.000699157 1.175523758 0.000016015 -0.000699154 0.999999762 -0.690834105
0.999999940 0.000275794 -0.000317183 0.009836238 -0.000275482 0.999999464 0.000984217 1.424445271 0.000317454 -0.000984129 0.999999464 -0.847612679
0.999999821 -0.000011183 -0.000613777 0.018898666 0.000011920 0.999999285 0.001199606 1.698425531 0.000613763 -0.001199613 0.999999106 -0.995936692
0.999999881 0.000439535 0.000281872 0.008995923 -0.000439971 0.999998689 0.001549189 1.996523857 -0.000281190 -0.001549313 0.999998748 -1.158916831
0.999999940 0.000298808 0.000150241 0.006954990 -0.000299068 0.999998450 0.001738060 2.311891079 -0.000149722 -0.001738105 0.999998450 -1.361278534
0.999999881 0.000354027 0.000365807 0.012762199 -0.000354853 0.999997377 0.002258763 2.673380852 -0.000365007 -0.002258893 0.999997377 -1.563665152
0.999999821 0.000610094 -0.000114557 0.020725489 -0.000609734 0.999994934 0.003119599 3.062129974 0.000116460 -0.003119529 0.999995112 -1.794543147
1.000000000 0.000076665 -0.000021270 0.021430278 -0.000076611 0.999996722 0.002552773 3.500750542 0.000021466 -0.002552771 0.999996722 -2.032927275
0.999999881 0.000025866 -0.000455975 0.031352188 -0.000024494 0.999995470 0.003009158 3.919952869 0.000456051 -0.003009147 0.999995351 -2.295025110
0.999999285 0.000930071 0.000733193 0.025295539 -0.000932436 0.999994338 0.003231711 4.416570663 -0.000730183 -0.003232392 0.999994516 -2.578949690
0.999999762 0.000592021 -0.000308041 0.039663132 -0.000590866 0.999992847 0.003734840 4.918207169 0.000310250 -0.003734657 0.999992967 -2.887901783
0.999999881 0.000373755 0.000238997 0.037485413 -0.000374703 0.999992013 0.003978526 5.448906898 -0.000237508 -0.003978616 0.999992073 -3.193588734
0.999999404 0.000496320 0.000998004 0.028460111 -0.000500567 0.999990821 0.004260275 6.020435810 -0.000995880 -0.004260772 0.999990404 -3.520287275
0.999999523 0.000994681 -0.000003289 0.061642651 -0.000994656 0.999989212 0.004540912 6.629913807 0.000007806 -0.004540907 0.999989688 -3.876704216
0.999999464 -0.000810462 0.000677681 0.037786920 0.000807608 0.999990821 0.004201868 7.257117271 -0.000681080 -0.004201318 0.999990940 -4.215783119
0.999999464 0.000048884 0.001038330 0.035475101 -0.000053643 0.999989510 0.004583515 7.898795128 -0.001038095 -0.004583568 0.999988973 -4.613955975
0.999999523 0.000430901 0.000864260 0.056341924 -0.000434966 0.999988794 0.004709506 8.603885651 -0.000862221 -0.004709879 0.999988556 -5.009234905
0.999999285 0.000973274 0.000667562 0.076270096 -0.000977582 0.999978483 0.006483768 9.301843643 -0.000661237 -0.006484416 0.999978781 -5.434008121
0.999999523 -0.000072898 0.000947210 0.077921152 0.000067090 0.999981225 0.006130824 10.037896156 -0.000947639 -0.006130758 0.999980748 -5.856357098
0.999998689 0.000564661 0.001533423 0.064685568 -0.000574460 0.999979377 0.006397170 10.792197227 -0.001529779 -0.006398043 0.999978364 -6.298510551
1.000000000 0.000045036 0.000080167 0.087329105 -0.000045628 0.999972641 0.007396096 11.582736015 -0.000079831 -0.007396100 0.999972641 -6.759255886
0.999998391 0.001483653 0.001004356 0.092224494 -0.001490614 0.999974608 0.006965707 12.388741493 -0.000993996 -0.006967193 0.999975264 -7.224418640
0.999999046 0.001335406 0.000396153 0.104934372 -0.001338263 0.999972463 0.007300514 13.241576195 -0.000386393 -0.007301038 0.999973297 -7.702256203
0.999996185 0.002613153 0.000865202 0.119293801 -0.002618998 0.999973297 0.006824569 14.107766151 -0.000847345 -0.006826809 0.999976337 -8.199604034
0.999999404 0.001111066 -0.000019942 0.134699419 -0.001110901 0.999975502 0.006911297 14.982504845 0.000027621 -0.006911271 0.999976099 -8.701070786
0.999998033 0.001707699 0.001029652 0.125848621 -0.001715579 0.999968886 0.007702074 15.862140656 -0.001016467 -0.007703824 0.999969780 -9.250176430
0.999996364 0.002335954 0.001347776 0.141220897 -0.002346294 0.999967456 0.007722151 16.796966553 -0.001329693 -0.007725285 0.999969304 -9.780642509
0.999999464 0.000878579 0.000577107 0.149990246 -0.000883149 0.999967873 0.007967498 17.721342087 -0.000570088 -0.007968003 0.999968112 -10.329686165
0.999999940 0.000304235 -0.000053359 0.159605578 -0.000303777 0.999964952 0.008367167 18.684564590 0.000055903 -0.008367150 0.999965012 -10.906407356
0.999999940 0.000237688 0.000315858 0.169176236 -0.000240167 0.999969006 0.007870851 19.699823380 -0.000313978 -0.007870926 0.999968946 -11.472508430
0.999999583 0.000848966 0.000413406 0.164712936 -0.000852306 0.999966443 0.008148190 20.705924988 -0.000406474 -0.008148538 0.999966741 -12.066841125
0.999999464 0.001052563 -0.000106932 0.179336190 -0.001051637 0.999964833 0.008320672 21.731859207 0.000115687 -0.008320554 0.999965370 -12.659596443
0.999999225 0.001202089 0.000311220 0.189227045 -0.001204764 0.999961078 0.008741493 22.792783737 -0.000300699 -0.008741862 0.999961734 -13.282614708
0.999999881 0.000356127 -0.000286607 0.185489148 -0.000353680 0.999963880 0.008495090 23.872879028 0.000289622 -0.008494987 0.999963880 -13.902425766
0.999995589 0.002960510 0.000262296 0.208121166 -0.002962686 0.999957561 0.008725554 24.992292404 -0.000236453 -0.008726293 0.999961913 -14.539645195
0.999996483 0.002510586 -0.000828199 0.230780408 -0.002503525 0.999961436 0.008419137 26.128370285 0.000849304 -0.008417035 0.999964237 -15.201330185
0.999998748 0.001490683 -0.000542875 0.224524274 -0.001485982 0.999962270 0.008560217 27.262554169 0.000555615 -0.008559399 0.999963224 -15.874737740
0.999997377 0.002273672 0.000152815 0.234552503 -0.002274981 0.999955118 0.009199780 28.403720856 -0.000131891 -0.009200105 0.999957681 -16.546566010
0.999997795 0.002108308 -0.000011240 0.258604974 -0.002108099 0.999950469 0.009729765 29.584688187 0.000031753 -0.009729721 0.999952674 -17.244491577
0.999996901 0.002495908 0.000119400 0.255309850 -0.002496966 0.999948025 0.009886120 30.781602859 -0.000094719 -0.009886387 0.999951124 -17.941781998
0.999995291 0.003042325 -0.000332267 0.283571959 -0.003038918 0.999947250 0.009811834 32.005596161 0.000362101 -0.009810778 0.999951780 -18.651561737
0.999998987 0.001416004 -0.000042958 0.297536224 -0.001415536 0.999954402 0.009444932 33.242019653 0.000056330 -0.009444862 0.999955416 -19.371999741
0.999997556 0.002174288 0.000449236 0.299665451 -0.002178615 0.999948919 0.009867925 34.493690491 -0.000427757 -0.009868879 0.999951184 -20.109338760
0.999997675 0.002070261 -0.000609095 0.327283025 -0.002064169 0.999949455 0.009838389 35.768871307 0.000629432 -0.009837110 0.999951422 -20.858634949
0.999996722 0.002365308 -0.000970011 0.348127782 -0.002355393 0.999946237 0.010097836 37.076381683 0.000993843 -0.010095519 0.999948561 -21.616073608
0.999995112 0.003063107 -0.000638433 0.349870354 -0.003055969 0.999935985 0.010896483 38.364566803 0.000671770 -0.010894478 0.999940455 -22.383810043
0.999996483 0.002441414 -0.001024994 0.376692981 -0.002429730 0.999933779 0.011249355 39.702205658 0.001052391 -0.011246826 0.999936223 -23.157781601
0.999994338 0.003324344 0.000521511 0.380077034 -0.003330398 0.999921560 0.012072295 41.019104004 -0.000481337 -0.012073964 0.999926984 -23.953413010
0.999994636 0.003251598 0.000371686 0.391003281 -0.003255858 0.999921501 0.012099222 42.385959625 -0.000332315 -0.012100368 0.999926746 -24.753303528
0.999994338 0.003344558 -0.000327789 0.418391466 -0.003340590 0.999929011 0.011438418 43.791782379 0.000366022 -0.011437258 0.999934554 -25.557706833
0.999994576 0.003221117 -0.000646429 0.435650080 -0.003213389 0.999927342 0.011619680 45.157978058 0.000683810 -0.011617539 0.999932289 -26.365869522
0.999996364 0.002300123 -0.001411557 0.449117541 -0.002284578 0.999937773 0.010917619 46.576976776 0.001436581 -0.010914354 0.999939382 -27.185110092
0.999994218 0.003360359 -0.000574799 0.458064049 -0.003353254 0.999923050 0.011943773 47.971332550 0.000614890 -0.011941777 0.999928534 -28.033290863
0.999993324 0.003596792 -0.000605125 0.475169122 -0.003589220 0.999920547 0.012081563 49.380123138 0.000648532 -0.012079311 0.999926805 -28.862930298
0.999995291 0.002818209 -0.001219960 0.494907469 -0.002802680 0.999917328 0.012549243 50.824440002 0.001255226 -0.012545765 0.999920487 -29.730754852
0.999991238 0.004188346 -0.000034263 0.508283913 -0.004187684 0.999926269 0.011397943 52.277267456 0.000081999 -0.011397699 0.999935031 -30.541912079
0.999997556 0.001297291 -0.001804445 0.512493849 -0.001276101 0.999930799 0.011694901 53.693847656 0.001819492 -0.011692569 0.999929965 -31.426052094
0.999996245 0.002578140 -0.000907112 0.519626260 -0.002567011 0.999923944 0.012062442 55.120964050 0.000938142 -0.012060069 0.999926805 -32.275829315
0.999996305 0.002653490 -0.000563639 0.534198761 -0.002646274 0.999919116 0.012438742 56.569931030 0.000596599 -0.012437206 0.999922454 -33.125892639
0.999999106 0.000840823 -0.001028231 0.553510725 -0.000828074 0.999923527 0.012337278 58.063064575 0.001038526 -0.012336415 0.999923348 -33.973796844
0.999998927 0.001167552 -0.000873193 0.561145246 -0.001156548 0.999921203 0.012498119 59.505325317 0.000887716 -0.012497096 0.999921501 -34.848464966
0.999999106 0.000938684 -0.000948880 0.567896008 -0.000926251 0.999914825 0.013019518 60.938289642 0.000961021 -0.013018628 0.999914765 -35.722270966
0.999998331 0.001223619 -0.001339535 0.597383082 -0.001205945 0.999913275 0.013116533 62.405750275 0.001355469 -0.013114896 0.999913096 -36.563446045
0.999998212 0.001760065 -0.000668627 0.604603469 -0.001751485 0.999918818 0.012623291 63.858444214 0.000690791 -0.012622097 0.999920070 -37.436477661
0.999998689 0.000856579 -0.001357755 0.619889438 -0.000840998 0.999934256 0.011435246 65.325393677 0.001367461 -0.011434089 0.999933720 -38.268451691
0.999997258 0.002300491 -0.000446701 0.629215598 -0.002295077 0.999928176 0.011763368 66.788925171 0.000473731 -0.011762310 0.999930680 -39.136535645
0.999997675 0.002142816 -0.000140405 0.646805942 -0.002141022 0.999928892 0.011729709 68.242858887 0.000165529 -0.011729381 0.999931216 -39.987808228
0.999998510 0.001739013 0.000068969 0.654019415 -0.001739687 0.999933124 0.011432734 69.711082458 -0.000049082 -0.011432837 0.999934614 -40.862495422
0.999997258 0.002238325 -0.000678202 0.674005091 -0.002230792 0.999937952 0.010911590 71.187995911 0.000702583 -0.010910048 0.999940217 -41.729431152
0.999997258 0.001814307 -0.001462149 0.694465220 -0.001798236 0.999938786 0.010918510 72.645751953 0.001481869 -0.010915850 0.999939322 -42.606380463
0.999996305 0.002560989 -0.000927781 0.704236567 -0.002550581 0.999935687 0.011051523 74.119720459 0.000956024 -0.011049116 0.999938488 -43.461013794
0.999993801 0.003471215 -0.000573868 0.725240231 -0.003464493 0.999929845 0.011327304 75.585548401 0.000613147 -0.011325246 0.999935687 -44.336235046
0.999990642 0.004238120 -0.000836296 0.744047225 -0.004228727 0.999931335 0.010930596 77.069747925 0.000882564 -0.010926958 0.999939919 -45.213474274
0.999987066 0.004545979 -0.002287305 0.781777143 -0.004521428 0.999933302 0.010627070 78.556678772 0.002335463 -0.010616591 0.999940932 -46.090225220
0.999992728 0.003738864 -0.000735158 0.770249844 -0.003730906 0.999937475 0.010543649 79.999603271 0.000774533 -0.010540829 0.999944150 -46.931991577
0.999994397 0.002322886 -0.002415291 0.799762964 -0.002298152 0.999945402 0.010193283 81.513900757 0.002438837 -0.010187674 0.999945104 -47.839736938
0.999994874 0.003125900 -0.000683252 0.811395526 -0.003118979 0.999946058 0.009906050 82.967140198 0.000714181 -0.009903869 0.999950707 -48.660881042
0.999995232 0.003010555 0.000726159 0.805967152 -0.003017974 0.999940932 0.010441186 84.475547791 -0.000694683 -0.010443328 0.999945223 -49.567916870
0.999995828 0.002844214 0.000554651 0.830544531 -0.002849675 0.999944866 0.010106358 85.948051453 -0.000525876 -0.010107896 0.999948800 -50.429550171
0.999997258 0.002346213 -0.000060529 0.859697700 -0.002345547 0.999953806 0.009323648 87.455055237 0.000082402 -0.009323481 0.999956548 -51.315715790
0.999996841 0.002484311 -0.000345281 0.869760931 -0.002481145 0.999957442 0.008885772 88.934120178 0.000367341 -0.008884887 0.999960482 -52.182964325
0.999994099 0.003293221 -0.000955101 0.885552764 -0.003284981 0.999958456 0.008504354 90.429046631 0.000983068 -0.008501167 0.999963403 -53.067340851
0.999993026 0.003557153 -0.001158839 0.911993265 -0.003547329 0.999958694 0.008371668 91.912132263 0.001188570 -0.008367499 0.999964297 -53.938720703
0.999991000 0.004016532 -0.001364301 0.931192338 -0.004005759 0.999961495 0.007810059 93.428962708 0.001395618 -0.007804523 0.999968588 -54.813682556
0.999993205 0.003661196 -0.000394888 0.940810680 -0.003658402 0.999969780 0.006859716 94.923423767 0.000419990 -0.006858225 0.999976397 -55.682754517
0.999995053 0.003144453 0.000163995 0.960193753 -0.003145380 0.999977112 0.005993344 96.444335938 -0.000145145 -0.005993831 0.999981999 -56.541194916
0.999992847 0.003725737 0.000618161 0.978534997 -0.003728899 0.999979556 0.005195692 97.876045227 -0.000598791 -0.005197960 0.999986291 -57.377449036
0.999991238 0.004185293 0.000135910 0.997178078 -0.004185806 0.999983132 0.004021347 99.427658081 -0.000119077 -0.004021881 0.999991894 -58.278079987
0.999988496 0.004797389 -0.000012606 1.020799637 -0.004797319 0.999982834 0.003360512 100.925842285 0.000028728 -0.003360413 0.999994338 -59.133979797
0.999992013 0.003995175 0.000262189 1.029703736 -0.003996021 0.999986529 0.003309914 102.422966003 -0.000248962 -0.003310935 0.999994516 -59.998516083
0.999990880 0.004256046 0.000407435 1.044151664 -0.004257135 0.999987245 0.002708894 103.930564880 -0.000395901 -0.002710604 0.999996245 -60.869132996
0.999993205 0.003680307 0.000298216 1.053804874 -0.003680692 0.999992371 0.001301271 105.435882568 -0.000293424 -0.001302360 0.999999106 -61.730949402
0.999995708 0.002895918 -0.000394978 1.076322794 -0.002895693 0.999995649 0.000569899 106.980102539 0.000396626 -0.000568752 0.999999762 -62.617034912
0.999995470 0.002908509 -0.000738241 1.087222695 -0.002908854 0.999995649 -0.000466079 108.479217529 0.000736882 0.000468224 0.999999642 -63.470703125
0.999993920 0.003433591 -0.000628208 1.111410618 -0.003433969 0.999993920 -0.000601791 109.985031128 0.000626138 0.000603944 0.999999642 -64.333221436
0.999995410 0.002941051 -0.000743799 1.131553888 -0.002942407 0.999993980 -0.001828606 111.475326538 0.000738416 0.001830787 0.999998033 -65.178794861
0.999994278 0.003374054 -0.000342917 1.144179583 -0.003374862 0.999991477 -0.002383579 112.988548279 0.000334872 0.002384723 0.999997079 -66.052833557
0.999996185 0.002308524 -0.001518141 1.171748161 -0.002315173 0.999987662 -0.004392939 114.578849792 0.001507981 0.004396437 0.999989212 -66.918998718
0.999992013 0.003883512 -0.000933682 1.190775156 -0.003887354 0.999983847 -0.004149169 116.045173645 0.000917554 0.004152765 0.999990940 -67.758514404
0.999990165 0.004405523 -0.000485192 1.197702885 -0.004407865 0.999978125 -0.004936215 117.558937073 0.000463435 0.004938304 0.999987721 -68.620018005
0.999992251 0.003933223 -0.000280515 1.210077286 -0.003934831 0.999974370 -0.005981792 119.084144592 0.000256980 0.005982849 0.999982059 -69.473770142
0.999992132 0.003968259 -0.000041050 1.227969050 -0.003968455 0.999964476 -0.007435488 120.606590271 0.000011542 0.007435592 0.999972343 -70.309318542
0.999990761 0.004301416 -0.000005400 1.240363479 -0.004301323 0.999958992 -0.007966283 122.115135193 -0.000028866 0.007966232 0.999968290 -71.172470093
0.999993622 0.003563370 -0.000120021 1.266538858 -0.003564376 0.999945521 -0.009811169 123.713577271 0.000085054 0.009811534 0.999951839 -72.054084778
0.999994755 0.003229891 -0.000226094 1.290655613 -0.003232091 0.999939442 -0.010520694 125.175712585 0.000192099 0.010521370 0.999944627 -72.876541138
0.999994099 0.003431603 -0.000031993 1.300227880 -0.003431747 0.999934077 -0.010956636 126.718254089 -0.000005608 0.010956680 0.999939978 -73.767509460
0.999996781 0.002462956 0.000563272 1.312683225 -0.002455479 0.999913633 -0.012910122 128.251495361 -0.000595021 0.012908697 0.999916494 -74.611396790
0.999998212 0.001889268 0.000077877 1.329817772 -0.001887917 0.999889851 -0.014722497 129.744903564 -0.000105683 0.014722324 0.999891639 -75.423645020
0.999996603 0.002609393 0.000097631 1.348495841 -0.002607487 0.999867380 -0.016074898 131.334594727 -0.000139564 0.016074589 0.999870777 -76.288856506
0.999996901 0.002119201 -0.001302517 1.371993899 -0.002141223 0.999850690 -0.017145531 132.859085083 0.001265988 0.017148266 0.999852180 -77.146286011
0.999995351 0.002144463 -0.002177576 1.398509741 -0.002184820 0.999822676 -0.018702973 134.451065063 0.002137082 0.018707644 0.999822736 -77.991439819
0.999995232 0.002221121 -0.002146513 1.413058877 -0.002263203 0.999801278 -0.019805310 136.009643555 0.002102096 0.019810075 0.999801576 -78.839866638
0.999993145 0.002801661 -0.002429968 1.438220859 -0.002853076 0.999766529 -0.021419413 137.535339355 0.002369390 0.021426197 0.999767601 -79.666282654
0.999995649 0.002713642 -0.001174988 1.431455851 -0.002739231 0.999746382 -0.022353861 138.991897583 0.001114030 0.022356983 0.999749422 -80.477348328
0.999995768 0.002037918 -0.002083596 1.461422563 -0.002086558 0.999718964 -0.023614774 140.557861328 0.002034886 0.023619020 0.999718964 -81.329612732
0.999995172 0.002438869 -0.001930714 1.477184296 -0.002485831 0.999691665 -0.024706714 142.102127075 0.001869862 0.024711393 0.999692857 -82.155776978
0.999994397 0.003202413 -0.000986207 1.491511703 -0.003227409 0.999644041 -0.026483387 143.603500366 0.000901045 0.026486419 0.999648750 -82.960266113
0.999993682 0.003251029 -0.001452238 1.518600821 -0.003291124 0.999587893 -0.028517805 145.168167114 0.001358927 0.028522402 0.999592245 -83.797767639
0.999990940 0.004151568 -0.000952312 1.528499246 -0.004177694 0.999561787 -0.029304938 146.676315308 0.000830233 0.029308653 0.999570072 -84.601669312
0.999992728 0.003294030 -0.001907066 1.544168591 -0.003350869 0.999525785 -0.030610671 148.233444214 0.001805329 0.030616840 0.999529541 -85.441604614
0.999988198 0.004509833 -0.001800230 1.566579938 -0.004566743 0.999445915 -0.032970250 149.811248779 0.001650543 0.032978080 0.999454737 -86.234863281
0.999993443 0.003169068 -0.001737190 1.575572491 -0.003226491 0.999412715 -0.034114454 151.375061035 0.001628059 0.034119833 0.999416411 -87.095062256
0.999995172 0.002740561 -0.001448106 1.596927524 -0.002789417 0.999387324 -0.034887947 153.011291504 0.001351606 0.034891821 0.999390185 -87.968551636
0.999993861 0.003137450 -0.001561293 1.613338113 -0.003192906 0.999314487 -0.036883846 154.580886841 0.001444502 0.036888607 0.999318361 -88.791252136
0.999994993 0.002866812 -0.001329485 1.624941587 -0.002915996 0.999250472 -0.038600538 156.143051147 0.001217828 0.038604219 0.999253809 -89.599334717
0.999994159 0.002972866 -0.001670506 1.651852250 -0.003039015 0.999150455 -0.041099619 157.707336426 0.001546903 0.041104455 0.999153674 -90.391090393
0.999992430 0.003038511 -0.002429273 1.679474354 -0.003140397 0.999065876 -0.043099277 159.247055054 0.002296046 0.043106578 0.999067843 -91.210456848
0.999991894 0.003320926 -0.002289433 1.693674922 -0.003421695 0.998957813 -0.045514166 160.860626221 0.002135898 0.045521632 0.998961091 -92.015739441
0.999992847 0.003386027 -0.001696632 1.699975610 -0.003462560 0.998872638 -0.047343697 162.382873535 0.001534412 0.047349233 0.998877227 -92.776039124
0.999991894 0.003649023 -0.001704690 1.720604300 -0.003728198 0.998791039 -0.049015384 163.957778931 0.001523771 0.049021345 0.998796582 -93.591331482
0.999991715 0.003882087 -0.001232855 1.741120100 -0.003940086 0.998682320 -0.051167168 165.552856445 0.001032595 0.051171601 0.998689353 -94.394187927
0.999993026 0.003677969 -0.000623255 1.753553271 -0.003706208 0.998540521 -0.053880386 167.109771729 0.000424175 0.053882323 0.998547196 -95.148300171
0.999993801 0.003480135 -0.000549834 1.764652252 -0.003505395 0.998435676 -0.055802397 168.701232910 0.000354774 0.055803977 0.998441696 -95.937835693
0.999991536 0.004107551 0.000281962 1.777113199 -0.004084646 0.998348594 -0.057300642 170.268142700 -0.000516862 0.057299003 0.998356938 -96.717811584
0.999993205 0.003686215 -0.000169377 1.806638360 -0.003689741 0.998196781 -0.059913136 171.881362915 -0.000051781 0.059913352 0.998203576 -97.501754761
0.999991357 0.004139820 -0.000323067 1.824029922 -0.004151925 0.998028874 -0.062618800 173.461990356 0.000063199 0.062619604 0.998037457 -98.287605286
0.999991179 0.004119801 -0.000845722 1.835193515 -0.004166040 0.997879028 -0.064961858 175.051910400 0.000576299 0.064964809 0.997887373 -99.074554443
0.999993861 0.003434031 -0.000695250 1.855110288 -0.003473234 0.997697830 -0.067727469 176.635787964 0.000461071 0.067729466 0.997703612 -99.841445923
0.999988556 0.004217016 -0.002268288 1.892116427 -0.004363939 0.997591257 -0.069228560 178.215408325 0.001970886 0.069237664 0.997598231 -100.615684509
0.999987304 0.004826902 -0.001437054 1.881452680 -0.004916629 0.997472346 -0.070885219 179.807006836 0.001091265 0.070891388 0.997483432 -101.384498596
0.999991059 0.003966261 -0.001465917 1.901319742 -0.004062096 0.997360766 -0.072491206 181.414703369 0.001174529 0.072496511 0.997367978 -102.146995544
0.999996126 0.002777179 -0.000221994 1.906753778 -0.002786004 0.997191131 -0.074847326 182.968185425 0.000013506 0.074847654 0.997195005 -102.878623962
0.999995470 0.002987939 -0.000365636 1.927054286 -0.003007227 0.997023761 -0.077035829 184.562957764 0.000134370 0.077036574 0.997028232 -103.625778198
0.999994874 0.003170281 -0.000400193 1.947546244 -0.003192132 0.996791661 -0.079975925 186.136230469 0.000145363 0.079976790 0.996796727 -104.352943420
0.999994934 0.003098258 -0.000715321 1.976121664 -0.003146209 0.996675670 -0.081410483 187.729309082 0.000460713 0.081412315 0.996680379 -105.113258362
0.999995649 0.002874385 -0.000685986 1.982672334 -0.002921640 0.996501029 -0.083529152 189.305694580 0.000443490 0.083530791 0.996505082 -105.841575623
0.999991059 0.004149477 -0.000778645 2.006412745 -0.004200921 0.996316135 -0.085653231 190.913589478 0.000420360 0.085655734 0.996324718 -106.599441528
0.999990523 0.004232998 -0.001017855 2.016983271 -0.004306242 0.996098340 -0.088145189 192.501968384 0.000640765 0.088148735 0.996107101 -107.328590393
0.999988317 0.004745930 -0.000930319 2.035584211 -0.004810590 0.995895684 -0.090380318 194.096984863 0.000497562 0.090383731 0.995906889 -108.036888123
0.999996603 0.002503647 0.000733894 2.013735771 -0.002425140 0.995720446 -0.092384689 195.677108765 -0.000962052 0.092382587 0.995723128 -108.741950989
0.999996603 0.002485600 -0.000776865 2.038610220 -0.002547429 0.995602012 -0.093648866 197.306381226 0.000540675 0.093650520 0.995604992 -109.508720398
0.999997675 0.001927269 -0.000966248 2.061050653 -0.002010738 0.995427370 -0.095500156 198.902542114 0.000777775 0.095501870 0.995428920 -110.219154358
0.999995112 0.002369176 0.002043253 2.039303541 -0.002158856 0.995240927 -0.097421050 200.525054932 -0.002264337 0.097416162 0.995241165 -110.931175232
0.999996305 0.002031402 0.001809314 2.061945915 -0.001842770 0.995108724 -0.098768458 202.147018433 -0.002001103 0.098764762 0.995108783 -111.667625427
0.999998510 0.001181941 0.001271541 2.079968452 -0.001047971 0.994922161 -0.100641690 203.790359497 -0.001384037 0.100640200 0.994921923 -112.397857666
0.999994576 0.002310714 0.002336914 2.088366270 -0.002057311 0.994662404 -0.103162095 205.411315918 -0.002562819 0.103156731 0.994661808 -113.124282837
0.999996185 0.002308059 0.001520043 2.121481419 -0.002135132 0.994435966 -0.105321124 207.053878784 -0.001754672 0.105317473 0.994437099 -113.837654114
0.999992549 0.002572408 0.002885561 2.140111685 -0.002248412 0.994240046 -0.107152745 208.670150757 -0.003144581 0.107145458 0.994238377 -114.537658691
0.999991894 0.003095589 0.002584440 2.148821115 -0.002795917 0.994055271 -0.108840525 210.305725098 -0.002906002 0.108832419 0.994055867 -115.252052307
0.999984980 0.004519729 0.003107456 2.156077623 -0.004146056 0.993785799 -0.111232162 211.944030762 -0.003590885 0.111217603 0.993789613 -115.966491699
0.999983847 0.005372431 0.001866558 2.188267946 -0.005126238 0.993541658 -0.113352150 213.591339111 -0.002463480 0.113340750 0.993553102 -116.691925049
0.999985099 0.004839698 0.002524765 2.184620380 -0.004514221 0.993240833 -0.115983739 215.227966309 -0.003069025 0.115970612 0.993247926 -117.359016418
0.999986589 0.004742664 0.002074743 2.204609394 -0.004465575 0.993041933 -0.117676668 216.862442017 -0.002618408 0.117665820 0.993049800 -118.068183899
0.999989390 0.003873966 0.002498356 2.213660240 -0.003547935 0.992838800 -0.119409136 218.497329712 -0.002943052 0.119399004 0.992842019 -118.760299683
0.999994338 0.002112856 0.002614043 2.220615149 -0.001780634 0.992633700 -0.121141262 220.154174805 -0.002850741 0.121135928 0.992631853 -119.467109680
0.999991655 0.002778976 0.003001730 2.234719753 -0.002387958 0.992377222 -0.123214014 221.782531738 -0.003321258 0.123205818 0.992375612 -120.148262024
0.999992549 0.002571122 0.002887205 2.243660688 -0.002190430 0.992168665 -0.124886185 223.435073853 -0.003185692 0.124878928 0.992166877 -120.831809998
0.999993265 0.002868447 0.002298309 2.270645857 -0.002554959 0.991976917 -0.126393467 225.063934326 -0.002642423 0.126386732 0.991977513 -121.521583557
0.999994099 0.002525927 0.002322210 2.286274672 -0.002208465 0.991798639 -0.127791360 226.681137085 -0.002625956 0.127785489 0.991798341 -122.209800720
0.999990463 0.003017193 0.003162154 2.282242060 -0.002582721 0.991591454 -0.129382297 228.333770752 -0.003525936 0.129372880 0.991589725 -122.896446228
0.999992251 0.003807584 0.001003512 2.340795517 -0.003641868 0.991248608 -0.131958187 230.007354736 -0.001497172 0.131953508 0.991254747 -123.561614990
0.999983728 0.005488494 0.001561988 2.372684240 -0.005229655 0.990965009 -0.134018525 231.683761597 -0.002283436 0.134008184 0.990977585 -124.239639282
0.999976754 0.006041785 0.003167263 2.355429888 -0.005556318 0.990740657 -0.135654449 233.332275391 -0.003957531 0.135633707 0.990751147 -124.913734436
0.999973953 0.006574514 0.002977787 2.381485462 -0.006100589 0.990409076 -0.138031527 234.991806030 -0.003856717 0.138009772 0.990423381 -125.572959900
0.999971986 0.007095248 0.002384223 2.409662724 -0.006690224 0.990071118 -0.140408009 236.643676758 -0.003356780 0.140388131 0.990090847 -126.235321045
0.999977946 0.006565125 0.001017167 2.417119503 -0.006352470 0.989721835 -0.142864630 238.309951782 -0.001944636 0.142855003 0.989741743 -126.886100769
0.999968410 0.007621022 0.002251215 2.413542747 -0.007215934 0.989485800 -0.144449741 239.964813232 -0.003328399 0.144428939 0.989509583 -127.558074951
0.999979317 0.006368894 0.000890634 2.454950094 -0.006170608 0.989264250 -0.146007255 241.636047363 -0.001810977 0.145998731 0.989283144 -128.189712524
0.999977052 0.006620668 0.001429334 2.481905937 -0.006335942 0.988949478 -0.148117587 243.297241211 -0.002394177 0.148105130 0.988968730 -128.837173462
0.999986768 0.004903472 0.001544835 2.489323854 -0.004614972 0.988588572 -0.150569886 244.958648682 -0.002265522 0.150560766 0.988598168 -129.463699341
0.999986053 0.005075496 0.001460428 2.523017406 -0.004793989 0.988330722 -0.152247846 246.620864868 -0.002216119 0.152238727 0.988341272 -130.087310791
0.999989271 0.004441251 0.001332458 2.533253193 -0.004182921 0.988049924 -0.154077575 248.277801514 -0.002000832 0.154070333 0.988057852 -130.730926514
0.999988317 0.004702281 0.001142876 2.576148033 -0.004468483 0.987918735 -0.154908180 249.972702026 -0.001857490 0.154901266 0.987928212 -131.369644165
0.999981284 0.005813913 0.001911682 2.586452723 -0.005442176 0.987610638 -0.156829923 251.644226074 -0.002799793 0.156816572 0.987623751 -132.006057739
0.999980807 0.005682474 0.002471359 2.598571062 -0.005218207 0.987309813 -0.158720180 253.303573608 -0.003341920 0.158704236 0.987320542 -132.643096924
0.999992490 0.003336491 0.001974490 2.626796484 -0.002976842 0.987063944 -0.160299599 255.001159668 -0.002483786 0.160292506 0.987066448 -133.259201050
0.999985278 0.004806786 0.002518125 2.646214724 -0.004330989 0.986562908 -0.163324475 256.686340332 -0.003269354 0.163311154 0.986569226 -133.890274048
0.999989808 0.004481197 0.000556251 2.651147842 -0.004328363 0.986331105 -0.164718539 258.334197998 -0.001286784 0.164714456 0.986340463 -134.512771606
0.999986112 0.005002530 0.001653222 2.673500061 -0.004659158 0.986145735 -0.165815905 260.031036377 -0.002459817 0.165805891 0.986155331 -135.127410889
0.999978304 0.006473975 0.001231132 2.706954718 -0.006176911 0.985896885 -0.167239934 261.733795166 -0.002296477 0.167228699 0.985915482 -135.758590698
0.999980211 0.006118860 0.001451513 2.692519665 -0.005785219 0.985576272 -0.169132903 263.380615234 -0.002465477 0.169121161 0.985592186 -136.363540649
0.999975324 0.006989100 0.000669597 2.732212782 -0.006771086 0.985194743 -0.171305358 265.095245361 -0.001856954 0.171296597 0.985217750 -136.972259521
0.999976456 0.006859743 -0.000014777 2.759366512 -0.006759341 0.984968543 -0.172601357 266.768249512 -0.001169446 0.172597393 0.984991789 -137.588500977
0.999980807 0.006191626 -0.000091125 2.775053740 -0.006113477 0.984804988 -0.173556313 268.462097168 -0.000984855 0.173553541 0.984823942 -138.206970215
0.999976873 0.006755647 -0.000793751 2.814366579 -0.006790386 0.984582007 -0.174791917 270.147735596 -0.000399319 0.174793258 0.984605074 -138.795425415
0.999985516 0.005383603 0.000050516 2.815362453 -0.005290959 0.984425902 -0.175720319 271.791107178 -0.000995737 0.175717518 0.984440148 -139.407730103
0.999980330 0.006219835 -0.000807775 2.870554209 -0.006264650 0.984217107 -0.176854417 273.492431641 -0.000304979 0.176855996 0.984236717 -140.017868042
0.999986708 0.005128126 -0.000544282 2.874297619 -0.005142894 0.983913302 -0.178572431 275.133422852 -0.000380215 0.178572848 0.983926594 -140.601745605
0.999982595 0.005825203 -0.000960287 2.906383753 -0.005902883 0.983603895 -0.180245712 276.855834961 -0.000105426 0.180248246 0.983621120 -141.207946777
0.999976635 0.006525001 -0.002035175 2.947848320 -0.006785892 0.983395159 -0.181350216 278.555908203 0.000818071 0.181359783 0.983416498 -141.802276611
0.999988914 0.004667646 0.000574089 2.910955667 -0.004485833 0.983368874 -0.181564167 280.149475098 -0.001412019 0.181559578 0.983378947 -142.380264282
0.999986947 0.005108257 0.000192439 2.938385725 -0.004986551 0.983063281 -0.183198512 281.861755371 -0.001125005 0.183195144 0.983075917 -142.964385986
0.999984562 0.005529734 0.000589218 2.944920778 -0.005325729 0.982775927 -0.184724346 283.550781250 -0.001600546 0.184718356 0.982790172 -143.553344727
0.999981523 0.006067194 0.000338665 2.975504875 -0.005896699 0.982324302 -0.187094197 285.265960693 -0.001467815 0.187088743 0.982341945 -144.128952026
0.999978721 0.006523789 -0.000061218 3.004507542 -0.006418472 0.982067287 -0.188421488 286.967987061 -0.001169102 0.188417882 0.982088268 -144.705856323
0.999984324 0.005579270 0.000489872 3.018186092 -0.005385453 0.981878757 -0.189433500 288.686157227 -0.001537896 0.189427897 0.981893420 -145.315795898
0.999987960 0.004841785 0.000783190 3.037431717 -0.004603762 0.981658101 -0.190594316 290.392608643 -0.001691641 0.190588415 0.981668591 -145.876007080
0.999981105 0.006079724 0.000890670 3.064743996 -0.005795761 0.981392384 -0.191925421 292.196441650 -0.002040950 0.191916630 0.981409132 -146.476379395
0.999981046 0.006094732 0.000857966 3.072609186 -0.005816265 0.981344283 -0.192170560 293.806121826 -0.002013188 0.192161918 0.981361151 -147.057052612
0.999980986 0.005997198 0.001449495 3.082618237 -0.005604176 0.981143475 -0.193199635 295.451416016 -0.002580819 0.193187833 0.981158376 -147.587402344
0.999976337 0.006752225 0.001332953 3.125759602 -0.006365209 0.980969608 -0.194056883 297.144744873 -0.002617902 0.194043800 0.980989397 -148.152725220
0.999975622 0.006818863 0.001483904 3.140590191 -0.006396285 0.980619133 -0.195819378 298.856353760 -0.002790411 0.195805132 0.980638862 -148.735488892
0.999965608 0.008253352 0.000835864 3.175311089 -0.007925713 0.980271041 -0.197499126 300.725250244 -0.002449403 0.197485715 0.980302691 -149.337615967
0.999958813 0.008966191 0.001387866 3.208338499 -0.008512469 0.980074644 -0.198447019 302.353790283 -0.003139526 0.198427051 0.980110645 -149.880767822
0.999973238 0.007167106 0.001468871 3.212426186 -0.006730290 0.979894400 -0.199403331 304.124023438 -0.002868483 0.199388102 0.979916394 -150.457595825
0.999963939 0.008412618 0.001149246 3.241730452 -0.008013960 0.979844809 -0.199599281 305.703735352 -0.002805235 0.199582890 0.979876935 -151.006744385
0.999964952 0.008257291 0.001367247 3.265889168 -0.007814922 0.979623854 -0.200688943 307.361999512 -0.002996535 0.200671241 0.979654074 -151.563690186
0.999963820 0.008311701 0.001821933 3.287445784 -0.007773453 0.979418755 -0.201689079 309.081512451 -0.003460815 0.201667622 0.979447901 -152.113311768
0.999962032 0.008299712 0.002662930 3.303716421 -0.007587774 0.979215622 -0.202680036 310.855560303 -0.004289768 0.202652141 0.979241371 -152.687103271
0.999959707 0.008510267 0.002853519 3.318285465 -0.007751432 0.979038954 -0.203525469 312.437225342 -0.004525762 0.203495160 0.979065478 -153.232055664
0.999963284 0.007775854 0.003593604 3.317891836 -0.006878236 0.978904009 -0.204204798 314.177947998 -0.005105660 0.204172581 0.978921592 -153.795196533
0.999960363 0.008199887 0.003467638 3.356142759 -0.007313666 0.978683233 -0.205245346 315.949127197 -0.005076707 0.205211848 0.978704393 -154.348297119
0.999969661 0.006863058 0.003689052 3.371042252 -0.005959397 0.978674173 -0.205332235 317.638488770 -0.005019587 0.205304012 0.978685379 -154.909240723
0.999968827 0.007122138 0.003402568 3.404159307 -0.006267330 0.978481412 -0.206239790 319.329254150 -0.004798218 0.206212044 0.978495538 -155.457229614
0.999966025 0.007737833 0.002841067 3.427638054 -0.006983122 0.978360415 -0.206790105 320.994934082 -0.004379694 0.206763253 0.978381217 -156.002960205
0.999967456 0.007495119 0.002994782 3.437744856 -0.006709921 0.978179812 -0.207651809 322.715087891 -0.004485810 0.207624957 0.978198230 -156.559112549
0.999968827 0.007590553 0.002174411 3.478089809 -0.006968611 0.977897227 -0.208969995 324.524261475 -0.003712547 0.208948329 0.977919638 -157.124435425
0.999966800 0.007666623 0.002752270 3.487586975 -0.006920149 0.977794766 -0.209450454 326.189941406 -0.004296932 0.209424466 0.977815390 -157.658935547
0.999970675 0.007137657 0.002775342 3.503850937 -0.006396735 0.977731347 -0.209762931 327.879791260 -0.004210755 0.209739029 0.977748334 -158.205505371
0.999966621 0.007786710 0.002466621 3.540074587 -0.007093308 0.977581441 -0.210438088 329.590545654 -0.004049943 0.210413560 0.977604091 -158.735839844
0.999960780 0.008613076 0.002055246 3.576097727 -0.007982483 0.977284908 -0.211779267 331.449096680 -0.003832632 0.211754560 0.977315366 -159.301559448
0.999961555 0.008173294 0.003168045 3.574819326 -0.007313502 0.977134943 -0.212494135 333.108062744 -0.004832385 0.212462813 0.977157235 -159.839004517
0.999967694 0.007068636 0.003829580 3.580724955 -0.006091378 0.977057159 -0.212890223 334.863006592 -0.005246562 0.212860003 0.977068603 -160.395431519
0.999955773 0.008942129 0.002918249 3.641048670 -0.008110370 0.976792991 -0.214031875 336.593933105 -0.004764426 0.213998735 0.976822317 -160.920715332
0.999959350 0.008649234 0.002548584 3.661331415 -0.007901885 0.976721466 -0.214365795 338.261413574 -0.004343356 0.214336947 0.976750135 -161.463989258
0.999962091 0.008359721 0.002446468 3.673798800 -0.007642144 0.976782858 -0.214095488 339.965087891 -0.004179447 0.214068666 0.976809680 -162.000274658
0.999965549 0.007897073 0.002552553 3.701976061 -0.007168759 0.976850271 -0.213804111 341.700469971 -0.004181889 0.213778451 0.976873219 -162.556472778
0.999966919 0.007551518 0.003017367 3.718149185 -0.006730711 0.976801217 -0.214042246 343.464172363 -0.004563711 0.214014858 0.976819754 -163.104568481
0.999972641 0.006906108 0.002649526 3.741366148 -0.006178477 0.976778448 -0.214162767 345.179077148 -0.004067031 0.214140534 0.976794422 -163.646209717
0.999972582 0.006732939 0.003082682 3.771401644 -0.005912794 0.976598382 -0.214989856 347.006439209 -0.004458055 0.214965746 0.976611435 -164.205902100
0.999973774 0.006807878 0.002479873 3.796705484 -0.006115441 0.976590157 -0.215021417 348.760711670 -0.003885658 0.215000615 0.976606190 -164.754302979
0.999967933 0.007664714 0.002313266 3.820690632 -0.006988070 0.976584852 -0.215019107 350.417114258 -0.003907160 0.214996040 0.976607084 -165.294586182
0.999970376 0.007472352 0.001847602 3.841137171 -0.006899990 0.976564348 -0.215115100 352.128234863 -0.003411718 0.215095967 0.976586938 -165.834930420
0.999968469 0.007740309 0.001759338 3.871039391 -0.007179789 0.976506948 -0.215366393 353.800994873 -0.003385008 0.215346962 0.976531744 -166.371292114
0.999968588 0.007915925 0.000317813 3.904616594 -0.007660776 0.976402283 -0.215823844 355.558319092 -0.002018759 0.215814635 0.976432264 -166.910949707
0.999940991 0.010803543 -0.001138241 3.934847116 -0.010792606 0.976024449 -0.217393145 357.385833740 -0.001237665 0.217392609 0.976083457 -167.453521729
0.999970853 0.007626343 -0.000426188 3.934169054 -0.007536026 0.975954533 -0.217843860 359.041717529 -0.001245411 0.217840731 0.975983560 -167.977935791
0.999975979 0.006890855 0.000722429 3.956227779 -0.006566531 0.975817442 -0.218488514 360.745513916 -0.002210531 0.218478531 0.975839257 -168.506423950
0.999975741 0.006952204 -0.000357810 3.998473644 -0.006863436 0.976006746 -0.217631981 362.417358398 -0.001163797 0.217629150 0.976030827 -169.048339844
0.999977469 0.006716067 0.000011900 4.026499748 -0.006553366 0.976137042 -0.217056647 364.135314941 -0.001469383 0.217051670 0.976159036 -169.584655762
0.999976933 0.006631629 0.001475878 4.037212372 -0.006153448 0.976159155 -0.216968819 365.791931152 -0.002879548 0.216954723 0.976177394 -170.118743896
0.999975681 0.006827102 0.001410046 4.058057308 -0.006355988 0.975963354 -0.217842087 367.585388184 -0.002863383 0.217827842 0.975983024 -170.630432129
0.999970555 0.007601371 0.001073989 4.083085060 -0.007185466 0.976005793 -0.217626095 369.283081055 -0.002702476 0.217611969 0.976031601 -171.178695679
0.999973893 0.007168182 0.000919106 4.106784344 -0.006796447 0.976015985 -0.217592657 370.988677979 -0.002456806 0.217580736 0.976039231 -171.717422485
0.999974608 0.007103023 0.000582021 4.127933502 -0.006807124 0.976111770 -0.217162415 372.675506592 -0.002110627 0.217152938 0.976135314 -172.260955811
0.999972582 0.007390243 0.000503730 4.144886494 -0.007104884 0.976150393 -0.216979250 374.383911133 -0.002095246 0.216969714 0.976176083 -172.792816162
0.999972701 0.007387734 0.000233510 4.179234505 -0.007160644 0.976100087 -0.217203528 376.091430664 -0.001832570 0.217195928 0.976126313 -173.333328247
0.999977767 0.006576429 0.001115120 4.175549984 -0.006176654 0.976057410 -0.217425242 377.797546387 -0.002518303 0.217413530 0.976076365 -173.862594604
0.999976218 0.006843173 0.000822214 4.204907894 -0.006500378 0.976024806 -0.217562273 379.509033203 -0.002291318 0.217551753 0.976046085 -174.407745361
0.999974608 0.007099281 0.000640334 4.234593391 -0.006790781 0.976109087 -0.217174843 381.188110352 -0.002166821 0.217164978 0.976132512 -174.949707031
0.999976993 0.006599794 0.001564654 4.256380558 -0.006102215 0.976093829 -0.217263967 382.914733887 -0.002961147 0.217249423 0.976111650 -175.472198486
0.999972880 0.007170014 0.001686159 4.283779144 -0.006631433 0.976023436 -0.217564508 384.628326416 -0.003205671 0.217547432 0.976044476 -176.011184692
0.999972999 0.007225601 0.001327709 4.308343410 -0.006761407 0.975850761 -0.218333542 386.357238770 -0.002873237 0.218318671 0.975873291 -176.546600342
0.999977291 0.006634054 0.001189909 4.333680153 -0.006212402 0.975702643 -0.219010860 388.064575195 -0.002613927 0.218998492 0.975721717 -177.068817139
0.999979019 0.006387657 0.001077955 4.354956627 -0.005994730 0.975545347 -0.219716534 389.760040283 -0.002455067 0.219705448 0.975563169 -177.599761963
0.999981284 0.006104869 0.000465402 4.375561714 -0.005852663 0.975451767 -0.220135421 391.479675293 -0.001797875 0.220128566 0.975469232 -178.144073486
0.999983966 0.005663612 0.000085880 4.395442963 -0.005505054 0.975334406 -0.220663667 393.197143555 -0.001333515 0.220659643 0.975349963 -178.680862427
0.999981105 0.006150013 0.000026553 4.414143562 -0.005992843 0.975377321 -0.220461160 394.915954590 -0.001381738 0.220456839 0.975395739 -179.201049805
0.999981880 0.005994361 -0.000572793 4.441456318 -0.005973039 0.975344837 -0.220605507 396.643127441 -0.000763719 0.220604941 0.975362957 -179.740142822
0.999981582 0.006029937 -0.000669012 4.463405132 -0.006028651 0.975242496 -0.221055895 398.365417480 -0.000680504 0.221055865 0.975260913 -180.267028809
0.999978721 0.006507819 -0.000425179 4.480795860 -0.006440739 0.975224495 -0.221123710 400.084320068 -0.001024388 0.221121743 0.975245655 -180.799987793
0.999979496 0.006396794 0.000172217 4.493237495 -0.006200648 0.975265503 -0.220949754 401.741333008 -0.001581328 0.220944151 0.975285172 -181.320114136
0.999975622 0.006874322 0.001242128 4.523338795 -0.006428878 0.975174129 -0.221346080 403.536407471 -0.002732896 0.221332699 0.975194514 -181.846221924
0.999968827 0.007757931 0.001488714 4.554074764 -0.007234590 0.975070298 -0.221778184 405.266571045 -0.003172141 0.221760482 0.975095987 -182.373260498
0.999971986 0.007310978 0.001616580 4.573276520 -0.006769817 0.975032568 -0.221958801 406.985748291 -0.003198954 0.221941635 0.975054681 -182.907363892
0.999970019 0.007397312 0.002279720 4.605699539 -0.006700031 0.974642217 -0.223668635 408.688446045 -0.003876457 0.223646671 0.974662602 -183.423721313
0.999972284 0.007048091 0.002393251 4.623032093 -0.006328769 0.974329591 -0.225037381 410.428558350 -0.003917899 0.225016013 0.974347174 -183.948745728
0.999967933 0.007751856 0.002000757 4.648484707 -0.007098365 0.974053442 -0.226206750 412.155303955 -0.003702366 0.226185292 0.974077284 -184.476577759
0.999966264 0.008049366 0.001653622 4.679044724 -0.007466132 0.974014401 -0.226363063 413.860321045 -0.003432731 0.226343066 0.974041581 -184.990173340
0.999962628 0.008321089 0.002355380 4.693846226 -0.007568189 0.973808706 -0.227242842 415.573425293 -0.004184597 0.227216527 0.973835289 -185.503555298
0.999961078 0.008304141 0.002986653 4.714082718 -0.007400269 0.973431051 -0.228860676 417.323852539 -0.004807793 0.228829652 0.973454595 -186.013885498
0.999962449 0.008179576 0.002867464 4.732555866 -0.007297270 0.972988307 -0.230739117 419.061096191 -0.004677357 0.230709523 0.973011434 -186.530441284
0.999962509 0.008233951 0.002679282 4.763502598 -0.007384263 0.972508669 -0.232749701 420.743560791 -0.004522074 0.232721180 0.972532988 -187.039443970
0.999967098 0.007646775 0.002702976 4.782866478 -0.006799560 0.972082436 -0.234541088 422.472534180 -0.004420999 0.234514982 0.972102463 -187.538360596
0.999964416 0.007713362 0.003421570 4.796063423 -0.006684653 0.971573949 -0.236641824 424.222686768 -0.005149612 0.236610532 0.971590936 -188.032669067
0.999964535 0.007947065 0.002790270 4.819841385 -0.007051125 0.971056044 -0.238747567 425.941284180 -0.004606851 0.238719434 0.971077681 -188.533538818
0.999961257 0.008234217 0.003102696 4.839625359 -0.007240690 0.970346868 -0.241608128 427.667907715 -0.005000145 0.241576299 0.970368922 -189.029754639
0.999960542 0.008300858 0.003160030 4.866178513 -0.007272734 0.969448090 -0.245188639 429.437469482 -0.005098761 0.245155975 0.969470263 -189.502166748
0.999955058 0.008985370 0.003016091 4.893323421 -0.007953156 0.968554676 -0.248673767 431.155456543 -0.005155676 0.248638600 0.968582630 -189.988998413
0.999961793 0.008236064 0.002923087 4.915256977 -0.007231809 0.967603087 -0.252372742 432.927368164 -0.004906946 0.252341986 0.967625678 -190.463378906
0.999965131 0.008030091 0.002291431 4.941892624 -0.007174304 0.966552436 -0.256368637 434.652923584 -0.004273451 0.256343246 0.966576338 -190.928665161
0.999972343 0.007252720 0.001641289 4.964256763 -0.006570612 0.965138972 -0.261655509 436.411560059 -0.003481786 0.261637509 0.965159953 -191.388626099
0.999977350 0.006674863 0.000842267 4.990565300 -0.006207716 0.963681877 -0.266980827 438.172637939 -0.002593738 0.266969562 0.963701487 -191.832855225
0.999975026 0.007050963 0.000506411 5.004805088 -0.006648378 0.962386787 -0.271601617 439.932495117 -0.002402416 0.271591485 0.962409616 -192.277496338
0.999976754 0.006737925 0.001024202 5.025282860 -0.006187662 0.960566759 -0.277980685 441.659637451 -0.002856828 0.277967870 0.960586131 -192.686859131
0.999970019 0.007610562 0.001412305 5.047266006 -0.006895695 0.958765626 -0.284114331 443.456146240 -0.003516339 0.284096092 0.958789349 -193.103820801
0.999969125 0.007774347 0.001131594 5.079272270 -0.007109309 0.956756830 -0.290802002 445.224487305 -0.003343455 0.290784955 0.956782579 -193.510696411
0.999968886 0.007883810 -0.000128649 5.119599819 -0.007560533 0.954078317 -0.299461782 447.009185791 -0.002238158 0.299453437 0.954108298 -193.908935547
0.999977350 0.006667067 0.000948617 5.121794224 -0.006048589 0.951137543 -0.308708280 448.791900635 -0.002960443 0.308695525 0.951156318 -194.258850098
0.999990761 0.004110329 0.001273190 5.121548176 -0.003492877 0.948182940 -0.317705631 450.570465088 -0.002513092 0.317698240 0.948188543 -194.611709595
0.999993443 0.003111338 0.001847334 5.153642654 -0.002335299 0.944912553 -0.327314466 452.317321777 -0.002763955 0.327308029 0.944913685 -194.939422607
0.999990761 0.004214971 0.000876035 5.191957474 -0.003669618 0.940960109 -0.338497669 454.105773926 -0.002251071 0.338491291 0.940966845 -195.249130249
0.999991536 0.004119958 -0.000053922 5.192437649 -0.003876992 0.936427236 -0.350840420 455.925537109 -0.001394954 0.350837678 0.936435223 -195.542129517
0.999983847 0.005589515 -0.001034418 5.208768368 -0.005583606 0.931726933 -0.363116711 457.695281982 -0.001065851 0.363116592 0.931743085 -195.815277100
0.999982238 0.005840477 -0.001190000 5.233720779 -0.005858784 0.926411271 -0.376467615 459.503601074 -0.001096321 0.376467913 0.926429033 -196.052291870
0.999978960 0.006425960 -0.000906056 5.243369579 -0.006271512 0.921035290 -0.389428586 461.262207031 -0.001667943 0.389426082 0.921056211 -196.269760132
0.999970436 0.007384738 -0.002148939 5.280958176 -0.007623593 0.914797008 -0.403841972 463.046630859 -0.001016424 0.403846383 0.914826274 -196.456848145
0.999948502 0.010039142 -0.001495666 5.299357891 -0.009738124 0.907354772 -0.420252949 464.888671875 -0.002861880 0.420245856 0.907405794 -196.602478027
0.999952495 0.009312261 -0.002881102 5.341112137 -0.009636451 0.899828017 -0.436138332 466.703826904 -0.001468937 0.436145365 0.899875045 -196.742218018
0.999952018 0.009390546 -0.002786889 5.372107029 -0.009633841 0.891365528 -0.453182846 468.499176025 -0.001771497 0.453187972 0.891413212 -196.807189941
0.999953747 0.008865432 -0.003727370 5.400633812 -0.009576446 0.882283926 -0.470620155 470.317382812 -0.000883652 0.470634103 0.882328033 -196.872283936
0.999943912 0.009351606 -0.004969784 5.436715126 -0.010587381 0.872036278 -0.489326775 472.129547119 -0.000242159 0.489351928 0.872086406 -196.881332397
0.999941111 0.008966863 -0.006113499 5.473318100 -0.010829581 0.861127436 -0.508273840 473.997100830 0.000706880 0.508310080 0.861173809 -196.854812622
0.999929607 0.009938494 -0.006482658 5.501635075 -0.011863085 0.849119425 -0.528067648 475.845977783 0.000256354 0.528107345 0.849177599 -196.747619629
0.999910295 0.010967658 -0.007688473 5.534976006 -0.013386833 0.837239385 -0.546672702 477.661132812 0.000441374 0.546726584 0.837311089 -196.658721924
0.999891937 0.011412426 -0.009268144 5.575704575 -0.014654954 0.823974669 -0.566437125 479.487243652 0.001172295 0.566511750 0.824052811 -196.506774902
0.999877691 0.010904317 -0.011213524 5.608629227 -0.015403518 0.810983479 -0.584866285 481.177917480 0.002716416 0.584967494 0.811052203 -196.389495850
0.999853015 0.010731456 -0.013372670 5.666364193 -0.016640313 0.795377910 -0.605885386 483.034240723 0.004134295 0.606018901 0.795439541 -196.095245361
0.999837339 0.010303669 -0.014804725 5.702553272 -0.017301824 0.779853284 -0.625723183 484.892486572 0.005098270 0.625877559 0.779904723 -195.800994873
0.999822259 0.009448111 -0.016314166 5.743621349 -0.017736789 0.764697790 -0.644144952 486.607086182 0.006389453 0.644319832 0.764729440 -195.483551025
0.999799907 0.010169357 -0.017226808 5.785460949 -0.019035857 0.748360395 -0.663019121 488.412261963 0.006149383 0.663214386 0.748404264 -195.117782593
0.999775887 0.009354660 -0.018991152 5.833230972 -0.019804982 0.730215192 -0.682930112 490.233306885 0.007479050 0.683153152 0.730236888 -194.668106079
0.999738395 0.009953190 -0.020592308 5.889786243 -0.021530718 0.713301182 -0.700526834 491.876434326 0.007716041 0.700786948 0.713328898 -194.258499146
0.999711275 0.009339949 -0.022137878 5.928923607 -0.022411739 0.694636047 -0.719012201 493.684356689 0.008662231 0.719300807 0.694644809 -193.704452515
0.999682307 0.009180911 -0.023472061 5.974443436 -0.023508463 0.675440669 -0.737039506 495.466705322 0.009087292 0.737357199 0.675441980 -193.091110229
0.999628127 0.009075125 -0.025715509 6.032632351 -0.025363080 0.655829370 -0.754482985 497.194976807 0.010017959 0.754854679 0.655815601 -192.507583618
0.999559879 0.009403373 -0.028136795 6.079324245 -0.027684338 0.636526227 -0.770758092 498.873535156 0.010662084 0.771197736 0.636506438 -191.860778809
0.999503076 0.009589426 -0.030027565 6.131433010 -0.029564455 0.615622818 -0.787486196 500.565368652 0.010934114 0.787982583 0.615600407 -191.138381958
0.999458611 0.009513241 -0.031495336 6.173367977 -0.030978415 0.594531775 -0.803475142 502.317932129 0.011081328 0.804015875 0.594504654 -190.347640991
0.999409139 0.009872516 -0.032923445 6.228472233 -0.032625567 0.573899090 -0.818275869 503.896545410 0.010816294 0.818866551 0.573882103 -189.605697632
0.999301672 0.010169750 -0.035955362 6.287978649 -0.035594970 0.551811397 -0.833208978 505.529052734 0.011367050 0.833906949 0.551788032 -188.742080688
0.999188721 0.009198073 -0.039208159 6.349282742 -0.038097959 0.531481266 -0.846212864 507.064514160 0.013054874 0.847020149 0.531400502 -188.045486450
0.999109209 0.008147344 -0.041405283 6.395316601 -0.039795477 0.508335531 -0.860239089 508.701782227 0.014039116 0.861120522 0.508206964 -187.074813843
0.999011755 0.008237908 -0.043676168 6.461938858 -0.042176165 0.485740840 -0.873084724 510.219635010 0.014022905 0.874064028 0.485608280 -186.133773804
0.998895526 0.007858466 -0.046324573 6.534334183 -0.044687521 0.463503897 -0.884967387 511.775482178 0.014517134 0.886060059 0.463343143 -185.156906128
0.998905480 0.007873321 -0.046106774 6.580361843 -0.044860721 0.440319955 -0.896719456 513.275146484 0.013241574 0.897806406 0.440191269 -184.115097046
0.998838603 0.007929679 -0.047523998 6.658022404 -0.046508152 0.416338682 -0.908019364 514.754272461 0.012585776 0.909175098 0.416223943 -183.033248901
0.998832285 0.008661475 -0.047529355 6.729426861 -0.047113538 0.392408669 -0.918583691 516.144348145 0.010694647 0.919750273 0.392358541 -181.958236694
0.998762965 0.009627469 -0.048783883 6.807371616 -0.048894301 0.368703723 -0.928260207 517.540832520 0.009050006 0.929497123 0.368718386 -180.863677979
0.998751581 0.011344027 -0.048647560 6.869549751 -0.049578428 0.344103396 -0.937622011 518.949096680 0.006103387 0.938863337 0.344236255 -179.674331665
0.998689830 0.012157947 -0.049707644 6.955287933 -0.050984330 0.319712520 -0.946141958 520.284912109 0.004389018 0.947436690 0.319913507 -178.484359741
0.998633265 0.012403229 -0.050771743 7.046372414 -0.052169949 0.295062900 -0.954052508 521.588989258 0.003147526 0.955397308 0.295306683 -177.281555176
0.998615623 0.012149435 -0.051178679 7.102064133 -0.052558426 0.269607127 -0.961535037 522.852172852 0.002116034 0.962893784 0.269872427 -176.004440308
0.998528838 0.011460783 -0.052998617 7.195266724 -0.054194197 0.243141413 -0.968475699 524.095642090 0.001786670 0.969923139 0.243404806 -174.682281494
0.998471618 0.011101715 -0.054140609 7.270153999 -0.055258863 0.217462718 -0.974503160 525.303222656 0.000954904 0.976005435 0.217743814 -173.346725464
0.998409867 0.011034802 -0.055281214 7.347477913 -0.056371279 0.191223860 -0.979926467 526.462585449 -0.000242200 0.981484532 0.191541851 -171.957427979
0.998303413 0.011196570 -0.057139900 7.436302185 -0.058206290 0.166013360 -0.984404325 527.586425781 -0.001535963 0.986060023 0.166383386 -170.590560913
0.998300612 0.011146009 -0.057198450 7.500329971 -0.058196947 0.140126765 -0.988421857 528.661865234 -0.003001919 0.990070879 0.140537262 -169.201385498
0.998270273 0.010497730 -0.057846665 7.567288876 -0.058667663 0.114048481 -0.991741478 529.740844727 -0.003813708 0.993419826 0.114467084 -167.717498779
0.998270333 0.010689674 -0.057810850 7.647926331 -0.058524840 0.087253571 -0.994465530 530.757751465 -0.005586302 0.996128738 0.087728262 -166.212814331
0.998176992 0.010426126 -0.059447147 7.736896515 -0.059975676 0.061164856 -0.996324241 531.732543945 -0.006751718 0.998073280 0.061678708 -164.715759277
0.998145938 0.010330899 -0.059982941 7.794472694 -0.060308732 0.034804642 -0.997572899 532.687988281 -0.008218130 0.999340892 0.035363138 -163.224960327
0.998041153 0.009489188 -0.061837103 7.899386883 -0.061922945 0.009035647 -0.998040020 533.575195312 -0.008911852 0.999914110 0.009605587 -161.676025391
0.997981787 0.008258093 -0.062961288 7.999734879 -0.062811926 -0.017246366 -0.997876465 534.447448730 -0.009326397 0.999817312 -0.016692758 -160.082717896
0.997947037 0.007791946 -0.063568830 8.061573029 -0.063183606 -0.042424798 -0.997099936 535.274108887 -0.010466237 0.999069393 -0.041845322 -158.508789062
0.997865677 0.007410206 -0.064878419 8.138974190 -0.064215854 -0.068955183 -0.995550990 536.025390625 -0.011850938 0.997592330 -0.068332195 -156.865081787
0.997828662 0.005862841 -0.065601483 8.250796318 -0.064757146 -0.094418883 -0.993424177 536.760864258 -0.012018308 0.995515347 -0.093834281 -155.215362549
0.997872710 0.004601195 -0.065030016 8.302276611 -0.064006180 -0.120290160 -0.990673423 537.472595215 -0.012380747 0.992728233 -0.119739771 -153.555465698
0.997893274 0.004606625 -0.064713553 8.354342461 -0.063359655 -0.145289063 -0.987358451 538.097473145 -0.013950560 0.989378572 -0.144691110 -151.916397095
0.997753203 0.004208259 -0.066864096 8.495311737 -0.065154269 -0.171476960 -0.983031392 538.679931641 -0.015602492 0.985179186 -0.170817494 -150.230484009
0.997755051 0.003716150 -0.066866323 8.540955544 -0.064839259 -0.196223617 -0.978413105 539.252685547 -0.016756680 0.980552197 -0.195542216 -148.550109863
0.997767806 0.002705391 -0.066723846 8.599210739 -0.064462513 -0.221849918 -0.972947717 539.740478516 -0.017434878 0.975077152 -0.221180320 -146.816192627
0.997743249 0.001252159 -0.067133226 8.691431999 -0.064751007 -0.246650577 -0.966938913 540.219665527 -0.017769204 0.969103754 -0.246012926 -145.074401855
0.997746050 0.000335872 -0.067101941 8.764179230 -0.064496741 -0.271176457 -0.960366547 540.643188477 -0.018519012 0.962529838 -0.270543575 -143.339004517
0.997667909 -0.000798289 -0.068249986 8.870480537 -0.065434083 -0.295667648 -0.953047335 541.028137207 -0.019418504 0.955290616 -0.295030355 -141.579864502
0.997767508 -0.001954893 -0.066754244 8.890821457 -0.063868023 -0.320019603 -0.945255876 541.375488281 -0.019514784 0.947409034 -0.319429994 -139.836059570
0.997678161 -0.002556983 -0.068057269 8.984219551 -0.064786062 -0.343794465 -0.936807573 541.639038086 -0.021002300 0.939041555 -0.343161821 -138.076339722
0.997629583 -0.002438821 -0.068770096 9.062923431 -0.064855941 -0.367345214 -0.927820742 541.890136719 -0.022999573 0.930081546 -0.366632700 -136.296386719
0.997656405 -0.002631124 -0.068372272 9.091845512 -0.063979745 -0.390090585 -0.918551147 542.102966309 -0.024254551 0.920772851 -0.389344692 -134.527832031
0.997640252 -0.003303358 -0.068578333 9.148030281 -0.063813142 -0.413166523 -0.908417046 542.230346680 -0.025333429 0.910649598 -0.412402272 -132.728286743
0.997610629 -0.004718568 -0.068925902 9.217252731 -0.064114332 -0.434891462 -0.898197532 542.330688477 -0.025737083 0.900470495 -0.434154868 -130.950912476
0.997621834 -0.006072901 -0.068657465 9.275971413 -0.063838296 -0.456995726 -0.887175024 542.398315430 -0.025988447 0.889448106 -0.456296563 -129.167083740
0.997566879 -0.006444231 -0.069417924 9.339620590 -0.064044826 -0.478094339 -0.875970483 542.402160645 -0.027543353 0.878284931 -0.477343798 -127.385612488
0.997468114 -0.006946510 -0.070775069 9.420974731 -0.064772904 -0.499578834 -0.863843441 542.358215332 -0.029357025 0.866240621 -0.498763800 -125.575027466
0.997483730 -0.008166440 -0.070424236 9.495446205 -0.064384416 -0.520201683 -0.851613224 542.321899414 -0.029680146 0.854004562 -0.519418478 -123.798698425
0.997451603 -0.009608481 -0.070696659 9.543720245 -0.064665943 -0.540402651 -0.838917971 542.219238281 -0.030143933 0.841351748 -0.539646864 -122.022300720
0.997382283 -0.010189617 -0.071587414 9.629471779 -0.064991340 -0.560308933 -0.825730085 542.073120117 -0.031697188 0.828221083 -0.559504390 -120.251350403
0.997330248 -0.011501089 -0.072111592 9.694003105 -0.065396391 -0.580063105 -0.811942279 541.921875000 -0.032491043 0.814490497 -0.579266667 -118.484649658
0.997280002 -0.012463268 -0.072644830 9.758278847 -0.065621585 -0.598929167 -0.798108876 541.718078613 -0.033562060 0.800705135 -0.598117948 -116.705375671
0.997270465 -0.012294179 -0.072803944 9.798824310 -0.064813189 -0.618078709 -0.783439815 541.465576172 -0.035366822 0.786020100 -0.617188573 -114.959976196
0.997232020 -0.013873758 -0.073046722 9.853025436 -0.065193638 -0.635535002 -0.769314885 541.168151855 -0.035750441 0.771947622 -0.634680271 -113.232345581
0.997201800 -0.015485711 -0.073135249 9.908617973 -0.065448008 -0.653619647 -0.753988087 540.822937012 -0.036126591 0.756664813 -0.652804136 -111.480987549
0.997178853 -0.015396778 -0.073466487 9.961343765 -0.064803585 -0.670498848 -0.739074886 540.423583984 -0.037879825 0.741750777 -0.669605017 -109.746704102
0.997196138 -0.015684970 -0.073169686 9.981528282 -0.063914508 -0.687065125 -0.723779321 540.000183105 -0.038919881 0.726426601 -0.686141253 -108.052879333
0.997180998 -0.016071467 -0.073292658 10.043261528 -0.063333251 -0.704082012 -0.707289040 539.508605957 -0.040236857 0.709937036 -0.703114986 -106.312133789
0.997142792 -0.017060062 -0.073588327 10.085149765 -0.063302338 -0.720289350 -0.690779209 538.999633789 -0.041220158 0.693463802 -0.719311357 -104.594512939
0.997164786 -0.017566565 -0.073170103 10.117836952 -0.062445644 -0.735743761 -0.674375355 538.458740234 -0.041987974 0.677032530 -0.734754682 -102.919265747
0.997107685 -0.018884677 -0.073618308 10.198666573 -0.062726155 -0.751431346 -0.656822860 537.849426270 -0.042915218 0.659540951 -0.750442505 -101.234603882
0.997042000 -0.021005075 -0.073932603 10.251304626 -0.063546360 -0.766378999 -0.639238238 537.226074219 -0.043233134 0.642045498 -0.765446901 -99.572128296
0.997015357 -0.021906655 -0.074030474 10.287463188 -0.063317284 -0.780675054 -0.621721387 536.559082031 -0.044173904 0.624553204 -0.779731989 -97.908500671
0.997034252 -0.022592105 -0.073567964 10.313669205 -0.062591612 -0.794239640 -0.604372323 535.851989746 -0.044776544 0.607184708 -0.793298244 -96.265991211
0.996982396 -0.023806423 -0.073887296 10.374987602 -0.062718898 -0.807893753 -0.585981369 535.112182617 -0.045742963 0.588847280 -0.806949019 -94.665008545
0.996938407 -0.025000496 -0.074086361 10.415754318 -0.062801436 -0.820482969 -0.568211079 534.367370605 -0.046581034 0.571124196 -0.819541097 -93.073730469
0.996841311 -0.026676934 -0.074804321 10.462945938 -0.063524395 -0.833134413 -0.549410343 533.560119629 -0.047665473 0.552426815 -0.832197547 -91.492698669
0.996827960 -0.027704911 -0.074608497 10.481033325 -0.063219987 -0.845104814 -0.530849814 532.738525391 -0.048344836 0.533882737 -0.844175577 -89.935874939
0.996779978 -0.029692139 -0.074485272 10.501562119 -0.063754931 -0.856843710 -0.511619747 531.866333008 -0.048631132 0.514721096 -0.855977654 -88.387153625
0.996678352 -0.031618178 -0.075050376 10.536595345 -0.064600073 -0.868096232 -0.492174417 530.925476074 -0.049589299 0.495387822 -0.867255330 -86.860816956
0.996670783 -0.032555602 -0.074749552 10.554596901 -0.064206056 -0.878451467 -0.473498166 530.004394531 -0.050248839 0.476721168 -0.877617121 -85.369171143
0.996696949 -0.032853737 -0.074268304 10.584373474 -0.063175812 -0.888311744 -0.454874784 529.046142578 -0.051029067 0.458064288 -0.887453198 -83.885520935
0.996674061 -0.034677789 -0.073744565 10.601222992 -0.063444778 -0.898128390 -0.435132653 528.043029785 -0.051142637 0.438364118 -0.897341371 -82.436851501
0.996636212 -0.036399540 -0.073425733 10.637735367 -0.063752286 -0.907339573 -0.415536970 527.014770508 -0.051496707 0.418820232 -0.906607985 -81.006393433
0.996635616 -0.037212454 -0.073025055 10.643938065 -0.063220017 -0.916070819 -0.396002173 525.955993652 -0.052159898 0.399286509 -0.915341377 -79.585105896
0.996660590 -0.037267920 -0.072654821 10.669760704 -0.061964724 -0.924660921 -0.375716567 524.881042480 -0.053178884 0.378963947 -0.923882365 -78.208366394
0.996644378 -0.038376573 -0.072299831 10.675165176 -0.061716247 -0.932536364 -0.355763108 523.778869629 -0.053769238 0.359031349 -0.931775570 -76.830352783
0.996733069 -0.038765442 -0.070854902 10.672477722 -0.060403813 -0.940156817 -0.335345745 522.593383789 -0.053614885 0.338530123 -0.939426899 -75.487243652
0.996647537 -0.040889718 -0.070864014 10.707050323 -0.061247006 -0.947158098 -0.314865857 521.424987793 -0.054244645 0.318150491 -0.946487188 -74.169197083
0.996694207 -0.041964918 -0.069567256 10.716431618 -0.060744174 -0.953538537 -0.295084417 520.198913574 -0.053951856 0.298334718 -0.952935457 -72.887870789
0.996655881 -0.043153919 -0.069388568 10.713084221 -0.060641132 -0.959785700 -0.274106145 518.936401367 -0.054769401 0.277397335 -0.959192991 -71.609672546
0.996673703 -0.043500476 -0.068914443 10.728942871 -0.059714496 -0.965276480 -0.254313648 517.687072754 -0.055458732 0.257582903 -0.964663386 -70.376266479
0.996636748 -0.044374522 -0.068892099 10.747102737 -0.059378412 -0.970438480 -0.233930543 516.404846191 -0.056474980 0.237234488 -0.969809532 -69.154464722
0.996596873 -0.045801558 -0.068534225 10.748207092 -0.059473060 -0.975220680 -0.213091210 515.065002441 -0.057076078 0.216441974 -0.974625826 -67.973808289
0.996530771 -0.047486037 -0.068348520 10.737712860 -0.059885398 -0.979436398 -0.192661002 513.737487793 -0.057794314 0.196085706 -0.978882313 -66.820991516
0.996445775 -0.048981532 -0.068531886 10.742506027 -0.060207434 -0.983124852 -0.172744110 512.392578125 -0.058914129 0.176256254 -0.982579708 -65.690734863
0.996448696 -0.049996879 -0.067752093 10.740024567 -0.059862439 -0.986498594 -0.152438223 511.005981445 -0.059215900 0.155952662 -0.985988140 -64.579788208
0.996477187 -0.050541732 -0.066923864 10.722895622 -0.059087139 -0.989410281 -0.132575810 509.616394043 -0.059514534 0.136063099 -0.988911033 -63.515270233
0.996528983 -0.051368274 -0.065508313 10.700963020 -0.058543459 -0.991893291 -0.112785846 508.143798828 -0.059183635 0.116229445 -0.991457582 -62.465312958
0.996615767 -0.052231278 -0.063473746 10.674618721 -0.058007654 -0.993988156 -0.092858374 506.718017578 -0.058242042 0.096226081 -0.993654013 -61.433582306
0.996689200 -0.052264530 -0.062282354 10.664584160 -0.056771297 -0.995719671 -0.072934225 505.262756348 -0.058203891 0.076228604 -0.995390058 -60.461372375
0.996741176 -0.052237067 -0.061468098 10.651238441 -0.055530187 -0.997041702 -0.053144500 503.799957275 -0.058510143 0.056384645 -0.996693254 -59.512264252
0.996789575 -0.053602424 -0.059475135 10.612292290 -0.055649612 -0.997894526 -0.033314638 502.263031006 -0.057564158 0.036517449 -0.997673869 -58.572811127
0.996889055 -0.053849567 -0.057553593 10.586288452 -0.054691132 -0.998416901 -0.013147450 500.703186035 -0.056754488 0.016254220 -0.998255968 -57.666469574
0.996935725 -0.054180991 -0.056423713 10.585284233 -0.053882714 -0.998524308 0.006795468 499.181915283 -0.056708623 -0.003734382 -0.998383999 -56.787288666
0.996921718 -0.054697122 -0.056171797 10.584068298 -0.053236675 -0.998212099 0.027176060 497.632598877 -0.057557821 -0.024102006 -0.998051167 -55.969814301
0.996977508 -0.054661840 -0.055207714 10.549495697 -0.052108981 -0.997550368 0.046668421 496.042022705 -0.057623453 -0.043650549 -0.997383714 -55.156318665
0.997047722 -0.054616328 -0.053971432 10.540071487 -0.051021498 -0.996522427 0.065877989 494.439849854 -0.057381757 -0.062929794 -0.996366978 -54.365016937
0.997110128 -0.055166971 -0.052229870 10.498924255 -0.050604705 -0.995097637 0.084971465 492.812927246 -0.056661431 -0.082082830 -0.995013714 -53.617958069
0.997158825 -0.055536877 -0.050891407 10.483778954 -0.050040875 -0.993364930 0.103547662 491.199981689 -0.056304447 -0.100706816 -0.993321776 -52.902820587
0.997247458 -0.056080252 -0.048503019 10.421896935 -0.049761578 -0.991171837 0.122890472 489.557373047 -0.054966554 -0.120138615 -0.991234303 -52.217361450
0.997316360 -0.056117691 -0.047020257 10.391911507 -0.048955739 -0.988707900 0.141633555 487.912841797 -0.054437444 -0.138951555 -0.988801837 -51.573577881
0.997426510 -0.055147868 -0.045815583 10.368597984 -0.047188412 -0.986054540 0.159592599 486.256011963 -0.053977851 -0.157019913 -0.986119390 -50.949089050
0.997544169 -0.053872041 -0.044759721 10.326410294 -0.045100823 -0.983000636 0.177976668 484.581085205 -0.053586796 -0.175520897 -0.983016253 -50.358501434
0.997562885 -0.054158222 -0.043990303 10.284836769 -0.044556614 -0.979653955 0.195685968 482.892883301 -0.053693276 -0.193249002 -0.979679465 -49.805667877
0.997592449 -0.054438248 -0.042961877 10.265897751 -0.044060051 -0.975938678 0.213547736 481.186798096 -0.053553317 -0.211140722 -0.975987554 -49.250675201
0.997670710 -0.054148450 -0.041486721 10.217021942 -0.043165877 -0.972068906 0.230692804 479.503723145 -0.052819598 -0.228364646 -0.972142100 -48.763477325
0.997697473 -0.054568216 -0.040274389 10.190059662 -0.042963214 -0.967999578 0.247246966 477.798339844 -0.052477412 -0.244947359 -0.968115091 -48.299472809
0.997789025 -0.054095898 -0.038608748 10.169798851 -0.042090628 -0.963927627 0.262815207 476.100219727 -0.051433261 -0.260609061 -0.964073420 -47.853721619
0.997892857 -0.053571947 -0.036604844 10.120976448 -0.041308999 -0.959611893 0.278277993 474.372497559 -0.050034337 -0.276179492 -0.959802866 -47.432106018
0.998035431 -0.052125603 -0.034758762 10.100076675 -0.039699495 -0.955353618 0.292786002 472.634796143 -0.048468553 -0.290830910 -0.955546141 -47.057716370
0.998192608 -0.050353628 -0.032802738 10.065715790 -0.037885185 -0.950975657 0.306936532 470.898071289 -0.046649970 -0.305139035 -0.951164484 -46.681232452
0.998299181 -0.049358495 -0.031023677 10.003336906 -0.036790229 -0.946187735 0.321520388 469.156677246 -0.045223985 -0.319832146 -0.946394324 -46.338905334
0.998266935 -0.050140005 -0.030807395 9.974661827 -0.036925789 -0.941316962 0.335498422 467.380676270 -0.045821410 -0.333779424 -0.941537023 -46.008995056
0.998254895 -0.050652459 -0.030356325 9.934741020 -0.036882184 -0.936255813 0.349378049 465.625579834 -0.046118140 -0.347648740 -0.936490059 -45.720527649
0.998281002 -0.049992498 -0.030591225 9.904468536 -0.035557147 -0.931515813 0.361959010 463.856414795 -0.046591438 -0.360249072 -0.931692123 -45.462463379
0.998330355 -0.049228527 -0.030216653 9.849022865 -0.034380049 -0.926784158 0.374017835 462.109832764 -0.046416659 -0.372354507 -0.926929355 -45.236751556
0.998316109 -0.049794689 -0.029756125 9.804694176 -0.034526661 -0.922274351 0.384990990 460.370849609 -0.046613816 -0.383315325 -0.922440648 -45.014808655
0.998324275 -0.050105762 -0.028949842 9.775975227 -0.034558419 -0.917494178 0.396245182 458.591125488 -0.046415478 -0.394580722 -0.917688251 -44.813858032
0.998267651 -0.050906900 -0.029498452 9.760117531 -0.034573283 -0.913224220 0.405988127 456.811553955 -0.047606297 -0.404264957 -0.913402319 -44.622299194
0.998300910 -0.050768416 -0.028598223 9.700117111 -0.034317795 -0.908913255 0.415571094 455.063323975 -0.047091182 -0.413883567 -0.909111261 -44.468231201
0.998269737 -0.051216476 -0.028886251 9.687446594 -0.034143284 -0.904842257 0.424375743 453.271759033 -0.047872528 -0.422655195 -0.905025363 -44.301967621
0.998329282 -0.050700415 -0.027715247 9.649785995 -0.033723023 -0.900747657 0.433032066 451.477539062 -0.046919342 -0.431373924 -0.900952578 -44.181037903
0.998362541 -0.050333142 -0.027181938 9.605061531 -0.033166669 -0.896478176 0.441844910 449.714782715 -0.046607457 -0.440219849 -0.896679640 -44.077663422
0.998402774 -0.049461968 -0.027302627 9.568708420 -0.031919591 -0.892574310 0.449769139 447.928527832 -0.046616089 -0.448179245 -0.892727494 -43.974800110
0.998461545 -0.049031474 -0.025893230 9.512478828 -0.031788699 -0.888787866 0.457215250 446.158721924 -0.045431521 -0.455688715 -0.888979197 -43.895740509
0.998486638 -0.049023315 -0.024923708 9.458613396 -0.031896092 -0.885405779 0.463723272 444.403259277 -0.044800844 -0.462226540 -0.885629535 -43.840026855
0.998506725 -0.049448092 -0.023221711 9.415085793 -0.032730576 -0.881841898 0.470408469 442.637390137 -0.043738671 -0.468945950 -0.882143497 -43.786933899
0.998506188 -0.050050620 -0.021916546 9.372082710 -0.033560585 -0.878340602 0.476856053 440.866333008 -0.043117128 -0.475408196 -0.878708363 -43.751510620